1043533
1026566
979106
1025767
1101429
1102464
1091505
1092779
1096809
1090764
1093526
1092373
1090990
1101147
1102040
1065589
555555
555555
555555
555555
555555
555555
555555
555555
555555
555555
555555
555555
555555
555555
555555
555555
555555
555555
555555
555555
555555
555555
555555
555555
555555
555555
555555
555555
553890
555555
555555
555555
555555
555555
555555
555555
555555
555555
555555
555555
555555
555555
555555
555555
555555
555555
555555
555555
555555
555555
555555
555555
555555
555555
555555
555555
555555
555555
555555
555555
555555
555555
555555
555555
555555
555555
555555
555555
555555
555555
555555
555555
555555
555555
555555
861089
942100
956682
955218
960112
973020
1051417
1047714
992530
986035
998638
995647
909768
983340
979332
986431
1000576
936414
1001852
555555
930982
929749
990066
1001064
965250
896109
991859
982139
966265
988768
981610
918240
931957
612165
589965
635640
654594
957487
1032636
1065552
1027246
890191
917926
937175
1013191
1017876
951708
1000100
966363
998585
958227
902712
987604
1085059
1083229
1064181
1026560
1035653
963695
1080113
975903
985749
1060368
1099962
949385
978585
1021926
959729
975878
1100718
1088979
1082013
1100202
1092866
1030977
1030848
965616
1004260
963615
957480
973316
1062973
1074183
979915
948864
980266
944910
1092129
1100949
1078269
1098086
1083691
1055752
1046475
995580
998232
916106
1062859
932049
1043990
1062507
1080540
1096719
1084977
1023619
1075779
1062738
1083312
1001393
1032258
1023505
865845
974829
979135
942955
1010445
1050185
977557
1012211
1090492
1096945
1091862
1095189
1103907
1086876
1086474
1062231
995867
1054158
973219
989988
854973
976428
1092897
1101234
991092
1096208
1080687
1093128
1095989
1025990
1082341
1067617
1051216
1003855
1058387
1044329
1050708
852060
832816
844987
990754
1069906
1098306
1077390
1098150
1089350
1103283
1076606
1100326
980450
1034305
997133
1023142
980273
