2.798139892600000167e+03
2.083679931600000145e+03
1.430819946300000083e+03
2.116830078099999810e+03
1.924739990199999966e+03
2.123520019500000217e+03
1.520339965800000073e+03
2.196379882799999905e+03
2.311919921900000190e+03
2.666139892600000167e+03
2.782830078099999810e+03
2.695629882799999905e+03
3.181129882799999905e+03
1.823739990199999966e+03
2.302979980499999783e+03
1.721670043900000110e+03
1.875520019499999989e+03
2.119610107399999833e+03
1.870170043900000110e+03
2.601540039099999831e+03
2.717889892600000167e+03
2.692889892600000167e+03
2.226770019500000217e+03
1.669260009800000034e+03
2.527510009799999807e+03
2.332120117200000095e+03
2.447750000000000000e+03
2.733479980499999783e+03
1.771969970699999976e+03
2.267889892600000167e+03
2.227300048799999786e+03
2.773860107399999833e+03
2.975340087900000071e+03
2.608620117200000095e+03
2.018290039100000058e+03
2.159129882799999905e+03
2.050530029300000024e+03
2.292739990200000193e+03
2.856479980499999783e+03
1.454880004899999904e+03
2.563850097699999878e+03
2.718040039099999831e+03
2.134000000000000000e+03
1.769020019499999989e+03
1.968359985399999914e+03
1.665780029300000024e+03
1.456050048800000013e+03
2.089409912099999929e+03
2.449330078099999810e+03
2.220510009799999807e+03
2.222189941399999952e+03
1.532900024399999893e+03
2.928000000000000000e+03
2.657729980499999783e+03
2.104149902300000122e+03
1.962670043900000110e+03
2.752979980499999783e+03
1.573219970699999976e+03
2.707860107399999833e+03
1.781319946300000083e+03
2.392750000000000000e+03
2.740500000000000000e+03
1.919839965800000073e+03
2.657709960900000169e+03
2.823959960900000169e+03
2.530500000000000000e+03
2.856469970699999976e+03
1.769670043900000110e+03
2.777229980499999783e+03
2.277860107399999833e+03
2.133959960900000169e+03
2.830000000000000000e+03
2.294219970699999976e+03
2.230270019500000217e+03
2.414939941399999952e+03
2.438979980499999783e+03
2.551300048799999786e+03
2.899320068399999855e+03
2.894260009799999807e+03
2.609790039099999831e+03
1.493060058600000048e+03
2.000750000000000000e+03
3.506149902300000122e+03
1.887290039100000058e+03
1.901119995100000096e+03
2.476629882799999905e+03
1.875020019499999989e+03
2.303830078099999810e+03
2.911489990200000193e+03
2.577860107399999833e+03
2.087399902300000122e+03
2.622989990200000193e+03
1.590719970699999976e+03
2.273270019500000217e+03
2.322770019500000217e+03
2.788409912099999929e+03
2.359110107399999833e+03
2.377070068399999855e+03
2.048330078099999810e+03
2.017670043900000110e+03
2.276770019500000217e+03
1.676880004899999904e+03
2.060620117200000095e+03
2.914989990200000193e+03
2.631100097699999878e+03
2.450590087900000071e+03
1.842050048800000013e+03
2.931080078099999810e+03
2.329800048799999786e+03
2.284629882799999905e+03
2.334560058600000048e+03
2.174159912099999929e+03
2.653120117200000095e+03
1.849010009800000034e+03
2.526550048799999786e+03
2.546270019500000217e+03
2.721949951200000214e+03
1.788250000000000000e+03
2.451169921900000190e+03
1.611650024399999893e+03
2.439320068399999855e+03
2.207090087900000071e+03
2.605030029300000024e+03
2.114580078099999810e+03
2.561800048799999786e+03
2.404860107399999833e+03
1.550979980500000011e+03
2.002739990199999966e+03
2.598250000000000000e+03
2.136919921900000190e+03
1.541530029300000024e+03
2.879159912099999929e+03
2.597189941399999952e+03
2.403899902300000122e+03
3.612989990200000193e+03
2.425719970699999976e+03
2.052620117200000095e+03
1.752339965800000073e+03
2.292580078099999810e+03
1.612199951199999987e+03
2.699429931600000145e+03
2.718179931600000145e+03
1.750900024399999893e+03
2.153090087900000071e+03
2.671919921900000190e+03
2.735830078099999810e+03
2.165899902300000122e+03
2.379510009799999807e+03
2.409149902300000122e+03
2.433629882799999905e+03
2.075139892600000167e+03
1.603839965800000073e+03
1.611739990199999966e+03
2.480300048799999786e+03
2.328639892600000167e+03
2.366649902300000122e+03
2.684219970699999976e+03
1.852869995100000096e+03
2.511669921900000190e+03
2.776820068399999855e+03
1.949089965800000073e+03
2.444159912099999929e+03
2.422850097699999878e+03
2.020290039100000058e+03
2.131629882799999905e+03
2.728219970699999976e+03
2.823159912099999929e+03
2.774850097699999878e+03
2.490340087900000071e+03
2.683659912099999929e+03
1.930500000000000000e+03
1.832400024399999893e+03
1.497359985399999914e+03
2.384959960900000169e+03
2.128709960900000169e+03
2.759510009799999807e+03
1.528030029300000024e+03
1.847589965800000073e+03
1.858449951199999987e+03
2.249580078099999810e+03
2.629649902300000122e+03
2.382820068399999855e+03
2.766879882799999905e+03
2.807860107399999833e+03
1.780939941399999952e+03
2.080409912099999929e+03
2.068120117200000095e+03
2.100409912099999929e+03
1.595030029300000024e+03
2.604979980499999783e+03
2.271909912099999929e+03
2.732379882799999905e+03
1.549579956099999890e+03
2.971879882799999905e+03
2.708550048799999786e+03
1.987459960899999942e+03
2.112719970699999976e+03
1.889780029300000024e+03
1.895729980500000011e+03
2.367010009799999807e+03
2.523540039099999831e+03
2.240929931600000145e+03
2.558350097699999878e+03
2.297610107399999833e+03
2.271580078099999810e+03
2.582090087900000071e+03
1.441410034199999927e+03
2.567889892600000167e+03
2.638239990200000193e+03
2.204659912099999929e+03
1.957900024399999893e+03
1.475579956099999890e+03
2.795270019500000217e+03
1.513030029300000024e+03
2.720270019500000217e+03
2.467260009799999807e+03
2.598469970699999976e+03
2.876100097699999878e+03
2.328959960900000169e+03
2.682290039099999831e+03
1.896270019499999989e+03
2.678709960900000169e+03
2.420560058600000048e+03
1.441790039100000058e+03
2.868840087900000071e+03
2.898100097699999878e+03
2.521989990200000193e+03
2.392320068399999855e+03
2.563770019500000217e+03
2.172510009799999807e+03
2.730179931600000145e+03
2.642070068399999855e+03
2.232189941399999952e+03
2.293300048799999786e+03
2.414399902300000122e+03
3.005439941399999952e+03
2.992449951200000214e+03
2.759439941399999952e+03
1.732839965800000073e+03
2.203580078099999810e+03
1.655890014600000086e+03
2.203959960900000169e+03
1.738479980500000011e+03
2.326840087900000071e+03
1.444890014600000086e+03
1.864819946300000083e+03
2.607689941399999952e+03
1.606089965800000073e+03
2.584209960900000169e+03
2.219209960900000169e+03
2.456979980499999783e+03
1.699439941399999952e+03
2.698479980499999783e+03
1.939119995100000096e+03
1.940479980500000011e+03
1.993140014600000086e+03
2.437239990200000193e+03
1.822530029300000024e+03
2.398719970699999976e+03
2.636750000000000000e+03
2.198949951200000214e+03
2.275639892600000167e+03
2.776629882799999905e+03
1.821189941399999952e+03
2.994360107399999833e+03
1.687439941399999952e+03
2.808949951200000214e+03
2.561250000000000000e+03
2.067840087900000071e+03
1.936599975600000107e+03
1.523339965800000073e+03
2.864340087900000071e+03
1.730699951199999987e+03
1.941410034199999927e+03
2.145159912099999929e+03
2.702169921900000190e+03
2.139219970699999976e+03
1.809930053699999917e+03
1.955260009800000034e+03
2.161760009799999807e+03
2.604280029300000024e+03
1.884189941399999952e+03
2.595649902300000122e+03
2.873899902300000122e+03
1.668560058600000048e+03
2.042260009800000034e+03
2.878620117200000095e+03
2.332129882799999905e+03
2.197699951200000214e+03
2.943560058600000048e+03
2.184370117200000095e+03
2.168870117200000095e+03
1.685780029300000024e+03
2.522540039099999831e+03
2.394370117200000095e+03
1.983689941399999952e+03
1.885530029300000024e+03
2.456790039099999831e+03
1.452619995100000096e+03
2.680969970699999976e+03
2.298020019500000217e+03
2.047890014600000086e+03
2.042150024399999893e+03
1.980630004899999904e+03
1.913060058600000048e+03
1.719739990199999966e+03
1.933219970699999976e+03
1.670469970699999976e+03
1.942109985399999914e+03
2.166090087900000071e+03
1.702319946300000083e+03
1.826079956099999890e+03
1.890589965800000073e+03
2.770169921900000190e+03
2.637409912099999929e+03
2.291000000000000000e+03
1.939630004899999904e+03
2.520629882799999905e+03
1.652869995100000096e+03
2.488669921900000190e+03
3.003989990200000193e+03
2.584310058600000048e+03
2.416929931600000145e+03
2.076580078099999810e+03
2.812459960900000169e+03
2.015930053699999917e+03
2.672610107399999833e+03
2.097169921900000190e+03
1.509459960899999942e+03
2.069949951200000214e+03
2.319520019500000217e+03
2.333639892600000167e+03
2.390719970699999976e+03
1.681469970699999976e+03
2.564840087900000071e+03
1.772420043900000110e+03
2.708689941399999952e+03
2.497209960900000169e+03
1.890530029300000024e+03
1.739359985399999914e+03
2.267629882799999905e+03
2.690120117200000095e+03
2.153379882799999905e+03
2.689760009799999807e+03
2.011650024399999893e+03
2.539199951200000214e+03
2.639530029300000024e+03
2.296639892600000167e+03
1.595739990199999966e+03
2.397260009799999807e+03
1.659619995100000096e+03
2.088250000000000000e+03
3.051459960900000169e+03
2.852320068399999855e+03
2.331189941399999952e+03
2.567169921900000190e+03
2.038479980500000011e+03
2.262340087900000071e+03
2.980610107399999833e+03
1.870729980500000011e+03
1.608719970699999976e+03
2.364810058600000048e+03
2.281479980499999783e+03
2.572820068399999855e+03
2.464739990200000193e+03
2.315060058600000048e+03
2.721590087900000071e+03
1.550949951199999987e+03
2.829030029300000024e+03
1.602910034199999927e+03
1.615489990199999966e+03
2.516560058600000048e+03
2.388699951200000214e+03
2.403020019500000217e+03
2.772330078099999810e+03
1.625989990199999966e+03
2.861750000000000000e+03
2.087560058600000048e+03
2.320550048799999786e+03
2.065729980499999783e+03
2.146280029300000024e+03
1.738270019499999989e+03
2.486760009799999807e+03
1.988540039100000058e+03
2.375540039099999831e+03
2.587600097699999878e+03
2.389550048799999786e+03
1.950229980500000011e+03
2.544120117200000095e+03
2.650739990200000193e+03
2.272040039099999831e+03
2.531699951200000214e+03
2.703239990200000193e+03
1.908030029300000024e+03
2.865729980499999783e+03
3.023330078099999810e+03
2.821310058600000048e+03
2.239110107399999833e+03
2.681189941399999952e+03
2.796110107399999833e+03
2.959429931600000145e+03
2.058260009799999807e+03
2.796790039099999831e+03
3.108149902300000122e+03
2.436100097699999878e+03
1.664239990199999966e+03
2.358179931600000145e+03
1.994569946300000083e+03
2.210689941399999952e+03
2.697580078099999810e+03
1.766189941399999952e+03
2.138739990200000193e+03
2.185010009799999807e+03
3.113610107399999833e+03
2.866280029300000024e+03
2.215860107399999833e+03
2.737159912099999929e+03
2.009449951199999987e+03
2.532669921900000190e+03
3.031120117200000095e+03
2.339080078099999810e+03
2.858219970699999976e+03
2.558530029300000024e+03
2.807129882799999905e+03
1.973699951199999987e+03
2.923639892600000167e+03
2.445510009799999807e+03
2.623439941399999952e+03
2.469510009799999807e+03
2.050929931600000145e+03
2.721909912099999929e+03
2.519340087900000071e+03
3.093610107399999833e+03
1.678880004899999904e+03
1.720459960899999942e+03
2.906000000000000000e+03
2.360459960900000169e+03
1.829199951199999987e+03
2.388379882799999905e+03
2.221000000000000000e+03
2.764989990200000193e+03
2.362520019500000217e+03
2.549379882799999905e+03
2.030939941399999952e+03
2.499790039099999831e+03
2.712520019500000217e+03
2.738350097699999878e+03
2.558689941399999952e+03
1.870310058600000048e+03
1.709079956099999890e+03
2.325510009799999807e+03
1.775569946300000083e+03
2.310899902300000122e+03
1.899319946300000083e+03
2.272439941399999952e+03
2.073350097699999878e+03
1.489709960899999942e+03
2.826689941399999952e+03
2.603070068399999855e+03
1.953569946300000083e+03
2.092850097699999878e+03
2.524479980499999783e+03
1.759180053699999917e+03
2.955620117200000095e+03
1.580319946300000083e+03
2.482810058600000048e+03
2.334909912099999929e+03
2.658110107399999833e+03
2.221080078099999810e+03
2.681030029300000024e+03
2.802330078099999810e+03
2.057100097699999878e+03
3.132280029300000024e+03
2.516830078099999810e+03
1.438239990199999966e+03
2.867379882799999905e+03
2.682100097699999878e+03
2.551729980499999783e+03
2.805679931600000145e+03
2.842149902300000122e+03
2.830669921900000190e+03
2.706469970699999976e+03
2.616409912099999929e+03
2.569699951200000214e+03
2.276080078099999810e+03
1.841229980500000011e+03
2.446899902300000122e+03
2.085979980499999783e+03
2.058600097699999878e+03
2.540100097699999878e+03
2.117870117200000095e+03
2.213899902300000122e+03
2.735310058600000048e+03
2.716260009799999807e+03
2.354040039099999831e+03
2.477219970699999976e+03
2.025670043900000110e+03
2.434510009799999807e+03
2.623379882799999905e+03
1.883439941399999952e+03
2.498560058600000048e+03
2.415909912099999929e+03
2.172379882799999905e+03
2.149919921900000190e+03
1.623540039100000058e+03
2.004290039100000058e+03
2.052879882799999905e+03
2.787360107399999833e+03
2.664399902300000122e+03
2.687149902300000122e+03
2.536510009799999807e+03
2.669479980499999783e+03
2.610639892600000167e+03
2.021819946300000083e+03
2.398889892600000167e+03
2.630590087900000071e+03
2.183870117200000095e+03
2.534669921900000190e+03
2.480000000000000000e+03
2.231239990200000193e+03
2.629429931600000145e+03
2.144669921900000190e+03
2.448879882799999905e+03
2.419790039099999831e+03
2.835110107399999833e+03
1.868869995100000096e+03
2.325929931600000145e+03
2.675979980499999783e+03
2.766689941399999952e+03
2.724709960900000169e+03
2.776469970699999976e+03
1.529650024399999893e+03
2.661610107399999833e+03
2.829229980499999783e+03
2.455620117200000095e+03
2.368310058600000048e+03
3.044379882799999905e+03
2.037119995100000096e+03
2.162060058600000048e+03
2.293820068399999855e+03
1.802319946300000083e+03
2.840510009799999807e+03
1.870170043900000110e+03
2.428459960900000169e+03
2.655770019500000217e+03
1.500089965800000073e+03
1.726689941399999952e+03
2.957840087900000071e+03
1.873000000000000000e+03
2.425080078099999810e+03
1.858699951199999987e+03
2.772040039099999831e+03
2.058129882799999905e+03
1.581510009800000034e+03
2.569629882799999905e+03
2.899550048799999786e+03
2.766120117200000095e+03
2.798770019500000217e+03
1.654569946300000083e+03
1.802920043900000110e+03
1.835439941399999952e+03
2.057330078099999810e+03
2.256379882799999905e+03
2.479229980499999783e+03
2.098540039099999831e+03
2.385090087900000071e+03
2.416790039099999831e+03
2.781550048799999786e+03
1.933290039100000058e+03
2.263550048799999786e+03
1.803569946300000083e+03
2.717709960900000169e+03
2.575899902300000122e+03
2.420540039099999831e+03
1.868329956099999890e+03
1.595420043900000110e+03
2.281010009799999807e+03
2.292320068399999855e+03
2.503399902300000122e+03
2.032239990199999966e+03
2.366300048799999786e+03
2.779090087900000071e+03
2.469290039099999831e+03
1.959760009800000034e+03
2.581010009799999807e+03
2.578590087900000071e+03
2.071719970699999976e+03
2.763429931600000145e+03
2.394300048799999786e+03
2.543330078099999810e+03
2.867810058600000048e+03
1.464280029300000024e+03
2.427030029300000024e+03
3.027669921900000190e+03
2.189790039099999831e+03
2.618709960900000169e+03
2.679510009799999807e+03
2.732199951200000214e+03
2.673280029300000024e+03
2.436199951200000214e+03
2.693629882799999905e+03
2.102620117200000095e+03
2.424379882799999905e+03
2.594729980499999783e+03
1.435420043900000110e+03
2.427139892600000167e+03
2.671050048799999786e+03
2.281489990200000193e+03
2.567449951200000214e+03
2.785149902300000122e+03
2.905120117200000095e+03
2.746719970699999976e+03
2.667969970699999976e+03
1.876000000000000000e+03
2.415459960900000169e+03
2.569510009799999807e+03
2.142449951200000214e+03
2.415209960900000169e+03
2.343760009799999807e+03
2.790020019500000217e+03
2.587129882799999905e+03
1.615819946300000083e+03
2.165580078099999810e+03
1.864180053699999917e+03
3.190419921900000190e+03
2.134239990200000193e+03
2.820469970699999976e+03
2.446580078099999810e+03
1.834310058600000048e+03
2.042530029300000024e+03
1.638510009800000034e+03
2.551899902300000122e+03
2.291070068399999855e+03
2.497899902300000122e+03
2.174790039099999831e+03
2.330260009799999807e+03
1.761719970699999976e+03
2.544919921900000190e+03
2.488500000000000000e+03
2.046209960899999942e+03
2.438040039099999831e+03
2.884169921900000190e+03
2.621719970699999976e+03
2.799250000000000000e+03
2.335419921900000190e+03
2.294219970699999976e+03
2.407280029300000024e+03
2.048820068399999855e+03
2.486610107399999833e+03
2.721050048799999786e+03
2.755189941399999952e+03
1.945869995100000096e+03
1.640280029300000024e+03
2.535709960900000169e+03
2.657120117200000095e+03
2.434409912099999929e+03
1.479469970699999976e+03
2.696500000000000000e+03
1.880160034199999927e+03
1.705619995100000096e+03
2.610889892600000167e+03
2.787639892600000167e+03
2.945620117200000095e+03
2.587020019500000217e+03
2.609520019500000217e+03
2.048290039099999831e+03
2.057120117200000095e+03
1.812099975600000107e+03
2.030869995100000096e+03
2.865419921900000190e+03
2.594780029300000024e+03
2.701320068399999855e+03
1.459589965800000073e+03
2.010420043900000110e+03
2.358679931600000145e+03
2.220879882799999905e+03
2.536030029300000024e+03
2.095649902300000122e+03
1.730400024399999893e+03
2.778100097699999878e+03
2.099219970699999976e+03
2.835189941399999952e+03
2.513350097699999878e+03
2.843709960900000169e+03
2.623649902300000122e+03
2.219590087900000071e+03
2.609889892600000167e+03
2.387500000000000000e+03
2.495909912099999929e+03
2.213750000000000000e+03
2.235820068399999855e+03
2.656540039099999831e+03
2.288610107399999833e+03
2.301110107399999833e+03
2.071199951200000214e+03
2.667409912099999929e+03
2.477699951200000214e+03
2.493689941399999952e+03
1.510989990199999966e+03
2.757860107399999833e+03
1.950310058600000048e+03
2.625919921900000190e+03
2.170709960900000169e+03
2.060879882799999905e+03
1.428099975600000107e+03
2.426679931600000145e+03
2.256870117200000095e+03
2.068790039099999831e+03
1.878640014600000086e+03
2.867879882799999905e+03
2.566570068399999855e+03
2.231399902300000122e+03
2.295969970699999976e+03
2.675580078099999810e+03
1.698150024399999893e+03
1.746150024399999893e+03
2.748250000000000000e+03
1.525160034199999927e+03
2.502840087900000071e+03
2.386250000000000000e+03
1.953469970699999976e+03
2.000859985399999914e+03
1.802349975600000107e+03
2.549010009799999807e+03
2.027329956099999890e+03
1.716050048800000013e+03
2.969189941399999952e+03
2.226639892600000167e+03
2.049489990200000193e+03
1.814540039100000058e+03
2.695080078099999810e+03
1.455010009800000034e+03
2.045859985399999914e+03
2.564909912099999929e+03
1.781069946300000083e+03
1.703619995100000096e+03
2.237409912099999929e+03
2.596580078099999810e+03
1.806140014600000086e+03
1.482770019499999989e+03
2.847639892600000167e+03
2.741959960900000169e+03
2.335040039099999831e+03
1.431099975600000107e+03
2.087820068399999855e+03
1.449229980500000011e+03
1.978680053699999917e+03
2.380459960900000169e+03
2.427870117200000095e+03
2.307600097699999878e+03
2.592889892600000167e+03
2.730350097699999878e+03
2.371879882799999905e+03
2.621189941399999952e+03
2.049610107399999833e+03
1.727719970699999976e+03
2.758370117200000095e+03
1.646439941399999952e+03
2.556449951200000214e+03
2.534790039099999831e+03
2.561360107399999833e+03
2.969340087900000071e+03
2.028579956099999890e+03
2.642129882799999905e+03
2.157280029300000024e+03
1.998300048800000013e+03
2.471989990200000193e+03
2.715979980499999783e+03
2.494399902300000122e+03
2.013449951199999987e+03
2.263149902300000122e+03
2.429030029300000024e+03
2.125989990200000193e+03
2.078830078099999810e+03
2.068760009799999807e+03
2.482610107399999833e+03
2.095790039099999831e+03
1.668750000000000000e+03
2.734270019500000217e+03
2.620439941399999952e+03
2.566570068399999855e+03
2.853300048799999786e+03
2.422629882799999905e+03
2.053820068399999855e+03
2.569620117200000095e+03
2.247379882799999905e+03
2.126899902300000122e+03
1.577140014600000086e+03
1.976439941399999952e+03
2.310439941399999952e+03
2.479610107399999833e+03
2.369510009799999807e+03
1.778900024399999893e+03
3.279189941399999952e+03
2.943120117200000095e+03
1.475890014600000086e+03
2.115699951200000214e+03
1.479609985399999914e+03
2.090959960900000169e+03
1.509300048800000013e+03
1.593290039100000058e+03
2.641389892600000167e+03
2.515320068399999855e+03
2.577419921900000190e+03
2.885889892600000167e+03
2.545129882799999905e+03
2.496360107399999833e+03
1.774800048800000013e+03
2.395959960900000169e+03
2.916209960900000169e+03
2.417389892600000167e+03
1.959130004899999904e+03
1.851030029300000024e+03
1.427520019499999989e+03
2.171689941399999952e+03
1.869189941399999952e+03
1.895040039100000058e+03
2.189300048799999786e+03
2.528729980499999783e+03
1.900459960899999942e+03
2.958899902300000122e+03
2.362870117200000095e+03
1.599880004899999904e+03
2.594260009799999807e+03
2.946639892600000167e+03
2.643360107399999833e+03
2.093820068399999855e+03
2.540610107399999833e+03
1.682439941399999952e+03
2.856580078099999810e+03
2.491810058600000048e+03
2.558280029300000024e+03
2.099229980499999783e+03
1.986290039100000058e+03
1.801709960899999942e+03
2.377800048799999786e+03
1.441520019499999989e+03
2.448120117200000095e+03
2.282229980499999783e+03
2.302139892600000167e+03
2.348449951200000214e+03
2.627300048799999786e+03
2.117540039099999831e+03
2.307610107399999833e+03
2.179040039099999831e+03
2.298300048799999786e+03
2.641780029300000024e+03
2.261320068399999855e+03
1.706030029300000024e+03
3.040830078099999810e+03
1.450900024399999893e+03
2.307070068399999855e+03
2.932300048799999786e+03
2.559469970699999976e+03
2.432850097699999878e+03
2.771429931600000145e+03
2.075770019500000217e+03
2.000780029300000024e+03
2.631050048799999786e+03
1.776170043900000110e+03
1.447050048800000013e+03
2.037750000000000000e+03
2.433510009799999807e+03
2.572469970699999976e+03
2.272139892600000167e+03
1.982930053699999917e+03
1.781459960899999942e+03
2.333280029300000024e+03
2.345770019500000217e+03
2.560080078099999810e+03
2.413800048799999786e+03
2.544129882799999905e+03
1.520680053699999917e+03
2.284649902300000122e+03
1.642910034199999927e+03
2.235399902300000122e+03
2.711699951200000214e+03
2.799399902300000122e+03
1.613390014600000086e+03
2.631070068399999855e+03
2.413889892600000167e+03
2.659330078099999810e+03
2.462620117200000095e+03
2.400790039099999831e+03
1.668099975600000107e+03
2.286500000000000000e+03
2.216399902300000122e+03
2.423030029300000024e+03
2.451139892600000167e+03
2.089560058600000048e+03
1.857619995100000096e+03
2.679590087900000071e+03
2.521120117200000095e+03
2.410199951200000214e+03
1.867060058600000048e+03
2.645600097699999878e+03
2.394770019500000217e+03
1.913119995100000096e+03
2.554899902300000122e+03
2.493739990200000193e+03
1.971569946300000083e+03
2.144239990200000193e+03
2.242939941399999952e+03
2.580889892600000167e+03
2.375209960900000169e+03
2.019520019499999989e+03
2.010579956099999890e+03
2.241209960900000169e+03
2.265409912099999929e+03
2.439340087900000071e+03
2.598020019500000217e+03
1.642729980500000011e+03
1.498699951199999987e+03
2.616689941399999952e+03
2.856969970699999976e+03
1.795439941399999952e+03
1.665109985399999914e+03
1.624800048800000013e+03
2.199419921900000190e+03
2.560580078099999810e+03
2.932699951200000214e+03
2.512870117200000095e+03
1.684510009800000034e+03
2.525320068399999855e+03
1.791170043900000110e+03
1.799900024399999893e+03
2.788610107399999833e+03
3.042969970699999976e+03
2.738300048799999786e+03
2.377560058600000048e+03
2.774169921900000190e+03
2.622300048799999786e+03
2.014030029300000024e+03
2.221010009799999807e+03
2.481679931600000145e+03
2.626350097699999878e+03
1.825689941399999952e+03
2.352550048799999786e+03
2.533919921900000190e+03
2.368909912099999929e+03
2.830250000000000000e+03
2.887370117200000095e+03
2.015280029300000024e+03
2.578209960900000169e+03
2.730000000000000000e+03
2.274360107399999833e+03
2.045250000000000000e+03
2.179889892600000167e+03
2.402810058600000048e+03
2.433760009799999807e+03
2.104500000000000000e+03
2.492270019500000217e+03
2.379260009799999807e+03
2.001150024399999893e+03
2.477139892600000167e+03
2.405350097699999878e+03
2.966379882799999905e+03
2.173520019500000217e+03
2.460939941399999952e+03
2.171659912099999929e+03
1.628489990199999966e+03
2.476330078099999810e+03
2.568300048799999786e+03
2.334959960900000169e+03
2.779870117200000095e+03
2.026619995100000096e+03
2.649699951200000214e+03
2.805620117200000095e+03
2.232459960900000169e+03
1.551099975600000107e+03
2.537719970699999976e+03
2.491070068399999855e+03
2.747070068399999855e+03
2.584120117200000095e+03
2.582250000000000000e+03
2.971800048799999786e+03
1.471770019499999989e+03
2.850070068399999855e+03
2.226239990200000193e+03
2.832409912099999929e+03
2.255729980499999783e+03
1.750500000000000000e+03
2.479750000000000000e+03
2.168179931600000145e+03
2.310989990200000193e+03
1.918079956099999890e+03
2.576500000000000000e+03
1.450650024399999893e+03
2.192010009799999807e+03
1.890780029300000024e+03
2.877570068399999855e+03
1.682020019499999989e+03
2.440290039099999831e+03
2.139909912099999929e+03
2.566669921900000190e+03
2.514280029300000024e+03
1.761109985399999914e+03
2.606179931600000145e+03
2.268419921900000190e+03
2.328860107399999833e+03
2.625169921900000190e+03
1.687310058600000048e+03
2.533030029300000024e+03
2.906320068399999855e+03
2.060709960900000169e+03
2.162370117200000095e+03
1.497520019499999989e+03
2.285939941399999952e+03
1.769500000000000000e+03
2.910949951200000214e+03
2.267020019500000217e+03
2.510639892600000167e+03
2.675620117200000095e+03
1.495569946300000083e+03
2.531810058600000048e+03
2.786899902300000122e+03
2.376520019500000217e+03
2.331790039099999831e+03
2.732090087900000071e+03
2.572459960900000169e+03
2.218760009799999807e+03
2.231139892600000167e+03
2.610489990200000193e+03
1.765589965800000073e+03
2.698260009799999807e+03
1.786520019499999989e+03
3.109219970699999976e+03
2.324120117200000095e+03
2.651560058600000048e+03
2.790159912099999929e+03
2.207520019500000217e+03
2.672510009799999807e+03
2.506540039099999831e+03
1.914680053699999917e+03
1.496290039100000058e+03
2.488699951200000214e+03
2.828840087900000071e+03
2.407360107399999833e+03
2.531010009799999807e+03
2.037319946300000083e+03
1.895780029300000024e+03
2.553139892600000167e+03
2.737879882799999905e+03
2.645370117200000095e+03
2.406879882799999905e+03
2.691229980499999783e+03
2.220800048799999786e+03
2.459629882799999905e+03
2.484209960900000169e+03
2.163100097699999878e+03
1.845479980500000011e+03
2.943699951200000214e+03
2.845419921900000190e+03
1.671170043900000110e+03
2.205030029300000024e+03
2.597250000000000000e+03
2.257330078099999810e+03
1.709729980500000011e+03
2.857179931600000145e+03
2.591620117200000095e+03
1.758489990199999966e+03
2.375110107399999833e+03
2.934639892600000167e+03
2.645810058600000048e+03
2.581419921900000190e+03
2.475520019500000217e+03
1.947969970699999976e+03
2.718719970699999976e+03
1.779599975600000107e+03
1.583520019499999989e+03
3.068419921900000190e+03
2.626239990200000193e+03
2.198780029300000024e+03
2.558500000000000000e+03
1.835229980500000011e+03
2.453310058600000048e+03
2.500090087900000071e+03
2.777469970699999976e+03
2.336570068399999855e+03
2.340889892600000167e+03
2.504550048799999786e+03
2.595270019500000217e+03
2.432919921900000190e+03
2.525250000000000000e+03
2.044880004899999904e+03
2.637969970699999976e+03
2.208580078099999810e+03
2.108000000000000000e+03
2.714169921900000190e+03
1.844219970699999976e+03
2.158989990200000193e+03
3.089679931600000145e+03
2.419889892600000167e+03
1.699160034199999927e+03
2.980040039099999831e+03
2.565969970699999976e+03
2.058100097699999878e+03
1.788000000000000000e+03
2.394840087900000071e+03
1.825300048800000013e+03
2.320050048799999786e+03
2.093290039099999831e+03
2.555040039099999831e+03
2.630399902300000122e+03
2.568949951200000214e+03
1.728050048800000013e+03
2.324139892600000167e+03
1.679430053699999917e+03
2.766030029300000024e+03
1.527109985399999914e+03
2.966189941399999952e+03
2.044180053699999917e+03
2.656699951200000214e+03
1.764680053699999917e+03
2.067399902300000122e+03
2.430870117200000095e+03
2.758820068399999855e+03
2.056010009799999807e+03
2.821790039099999831e+03
2.640510009799999807e+03
2.099489990200000193e+03
1.640030029300000024e+03
2.838919921900000190e+03
2.316070068399999855e+03
2.167459960900000169e+03
2.043160034199999927e+03
2.480629882799999905e+03
2.682739990200000193e+03
2.025680053699999917e+03
2.090840087900000071e+03
1.719969970699999976e+03
2.306320068399999855e+03
1.498170043900000110e+03
1.848030029300000024e+03
2.279889892600000167e+03
1.598719970699999976e+03
1.466719970699999976e+03
2.810719970699999976e+03
2.560139892600000167e+03
2.418540039099999831e+03
2.032099975600000107e+03
2.549189941399999952e+03
1.999079956099999890e+03
2.513780029300000024e+03
2.575699951200000214e+03
2.214239990200000193e+03
2.721590087900000071e+03
2.756270019500000217e+03
1.794119995100000096e+03
2.439469970699999976e+03
2.643120117200000095e+03
1.704010009800000034e+03
2.031589965800000073e+03
2.042729980500000011e+03
2.530000000000000000e+03
2.556409912099999929e+03
3.076649902300000122e+03
1.923209960899999942e+03
2.813320068399999855e+03
1.576510009800000034e+03
2.963610107399999833e+03
2.223580078099999810e+03
3.064389892600000167e+03
1.948270019499999989e+03
1.774339965800000073e+03
2.311409912099999929e+03
2.894280029300000024e+03
1.499949951199999987e+03
2.274399902300000122e+03
1.883180053699999917e+03
2.007520019499999989e+03
1.946819946300000083e+03
2.051370117200000095e+03
2.626719970699999976e+03
2.448870117200000095e+03
2.103320068399999855e+03
2.291979980499999783e+03
1.427699951199999987e+03
2.365949951200000214e+03
2.550840087900000071e+03
2.194780029300000024e+03
2.038719970699999976e+03
2.940000000000000000e+03
1.724170043900000110e+03
2.232149902300000122e+03
2.905780029300000024e+03
3.407310058600000048e+03
1.892199951199999987e+03
2.523340087900000071e+03
1.690790039100000058e+03
2.821370117200000095e+03
1.796069946300000083e+03
2.598449951200000214e+03
2.746840087900000071e+03
2.688610107399999833e+03
1.952920043900000110e+03
2.706540039099999831e+03
2.733159912099999929e+03
1.895729980500000011e+03
2.184959960900000169e+03
2.780040039099999831e+03
2.369689941399999952e+03
1.582849975600000107e+03
2.167260009799999807e+03
2.597659912099999929e+03
2.464100097699999878e+03
1.853349975600000107e+03
2.575360107399999833e+03
2.430840087900000071e+03
