0.000e+00 1.246e+03
1.000e+02 1.246e+03
2.000e+02 1.246e+03
3.000e+02 1.245e+03
4.000e+02 1.245e+03
5.000e+02 1.246e+03
6.000e+02 1.247e+03
7.000e+02 1.249e+03
8.000e+02 1.251e+03
9.000e+02 1.254e+03
1.000e+03 1.256e+03
1.100e+03 1.259e+03
1.200e+03 1.261e+03
1.300e+03 1.262e+03
1.400e+03 1.263e+03
1.500e+03 1.263e+03
1.600e+03 1.263e+03
1.700e+03 1.263e+03
1.800e+03 1.263e+03
1.900e+03 1.264e+03
2.000e+03 1.265e+03
2.100e+03 1.266e+03
2.200e+03 1.269e+03
2.300e+03 1.271e+03
2.400e+03 1.274e+03
2.500e+03 1.277e+03
2.600e+03 1.280e+03
2.700e+03 1.284e+03
2.800e+03 1.287e+03
2.900e+03 1.288e+03
3.000e+03 1.289e+03
3.100e+03 1.290e+03
3.200e+03 1.292e+03
3.300e+03 1.291e+03
3.400e+03 1.292e+03
3.500e+03 1.293e+03
3.600e+03 1.293e+03
3.700e+03 1.294e+03
3.800e+03 1.295e+03
3.900e+03 1.298e+03
4.000e+03 1.300e+03
4.100e+03 1.302e+03
4.200e+03 1.304e+03
4.300e+03 1.305e+03
4.400e+03 1.305e+03
4.500e+03 1.305e+03
4.600e+03 1.304e+03
4.700e+03 1.302e+03
4.800e+03 1.301e+03
4.900e+03 1.301e+03
5.000e+03 1.303e+03
5.100e+03 1.307e+03
5.200e+03 1.315e+03
5.300e+03 1.325e+03
5.400e+03 1.339e+03
5.500e+03 1.357e+03
5.600e+03 1.374e+03
5.700e+03 1.389e+03
5.800e+03 1.402e+03
5.900e+03 1.410e+03
6.000e+03 1.416e+03
6.100e+03 1.420e+03
6.200e+03 1.421e+03
6.300e+03 1.422e+03
6.400e+03 1.421e+03
6.500e+03 1.419e+03
6.600e+03 1.417e+03
6.700e+03 1.415e+03
6.800e+03 1.414e+03
6.900e+03 1.414e+03
7.000e+03 1.413e+03
7.100e+03 1.413e+03
7.200e+03 1.414e+03
7.300e+03 1.413e+03
7.400e+03 1.412e+03
7.500e+03 1.413e+03
7.600e+03 1.415e+03
7.700e+03 1.416e+03
7.800e+03 1.416e+03
7.900e+03 1.415e+03
8.000e+03 1.415e+03
8.100e+03 1.415e+03
8.200e+03 1.415e+03
8.300e+03 1.417e+03
8.400e+03 1.420e+03
8.500e+03 1.422e+03
8.600e+03 1.426e+03
8.700e+03 1.427e+03
8.800e+03 1.432e+03
8.900e+03 1.440e+03
9.000e+03 1.447e+03
9.100e+03 1.452e+03
9.200e+03 1.454e+03
9.300e+03 1.452e+03
9.400e+03 1.446e+03
9.500e+03 1.436e+03
9.600e+03 1.425e+03
9.700e+03 1.412e+03
9.800e+03 1.397e+03
9.900e+03 1.383e+03
1.000e+04 1.371e+03
1.010e+04 1.363e+03
1.020e+04 1.358e+03
1.030e+04 1.354e+03
1.040e+04 1.352e+03
1.050e+04 1.352e+03
1.060e+04 1.353e+03
1.070e+04 1.349e+03
1.080e+04 1.350e+03
1.090e+04 1.352e+03
1.100e+04 1.355e+03
1.110e+04 1.358e+03
1.120e+04 1.360e+03
1.130e+04 1.362e+03
1.140e+04 1.363e+03
1.150e+04 1.364e+03
1.160e+04 1.364e+03
1.170e+04 1.362e+03
1.180e+04 1.360e+03
1.190e+04 1.357e+03
1.200e+04 1.354e+03
1.210e+04 1.353e+03
1.220e+04 1.353e+03
1.230e+04 1.355e+03
1.240e+04 1.358e+03
1.250e+04 1.363e+03
1.260e+04 1.369e+03
1.270e+04 1.375e+03
1.280e+04 1.378e+03
1.290e+04 1.381e+03
1.300e+04 1.385e+03
1.310e+04 1.388e+03
1.320e+04 1.392e+03
1.330e+04 1.397e+03
1.340e+04 1.400e+03
1.350e+04 1.402e+03
1.360e+04 1.404e+03
1.370e+04 1.401e+03
1.380e+04 1.398e+03
1.390e+04 1.392e+03
1.400e+04 1.387e+03
1.410e+04 1.385e+03
1.420e+04 1.386e+03
1.430e+04 1.388e+03
1.440e+04 1.395e+03
1.450e+04 1.406e+03
1.460e+04 1.418e+03
1.470e+04 1.433e+03
1.480e+04 1.444e+03
1.490e+04 1.452e+03
1.500e+04 1.455e+03
1.510e+04 1.456e+03
1.520e+04 1.455e+03
1.530e+04 1.455e+03
1.540e+04 1.454e+03
1.550e+04 1.454e+03
1.560e+04 1.456e+03
1.570e+04 1.458e+03
1.580e+04 1.459e+03
1.590e+04 1.460e+03
1.600e+04 1.460e+03
1.610e+04 1.461e+03
1.620e+04 1.463e+03
1.630e+04 1.463e+03
1.640e+04 1.465e+03
1.650e+04 1.467e+03
1.660e+04 1.469e+03
1.670e+04 1.475e+03
1.680e+04 1.482e+03
1.690e+04 1.493e+03
1.700e+04 1.504e+03
1.710e+04 1.517e+03
1.720e+04 1.531e+03
1.730e+04 1.544e+03
1.740e+04 1.556e+03
1.750e+04 1.565e+03
1.760e+04 1.571e+03
1.770e+04 1.572e+03
1.780e+04 1.570e+03
1.790e+04 1.565e+03
1.800e+04 1.556e+03
1.810e+04 1.546e+03
1.820e+04 1.536e+03
1.830e+04 1.527e+03
1.840e+04 1.520e+03
1.850e+04 1.515e+03
1.860e+04 1.512e+03
1.870e+04 1.512e+03
1.880e+04 1.514e+03
1.890e+04 1.518e+03
1.900e+04 1.524e+03
1.910e+04 1.531e+03
1.920e+04 1.539e+03
1.930e+04 1.548e+03
1.940e+04 1.557e+03
1.950e+04 1.566e+03
1.960e+04 1.573e+03
1.970e+04 1.577e+03
1.980e+04 1.580e+03
1.990e+04 1.581e+03
2.000e+04 1.582e+03
2.010e+04 1.582e+03
2.020e+04 1.583e+03
2.030e+04 1.584e+03
2.040e+04 1.586e+03
2.050e+04 1.590e+03
2.060e+04 1.598e+03
2.070e+04 1.606e+03
2.080e+04 1.617e+03
2.090e+04 1.627e+03
2.100e+04 1.637e+03
2.110e+04 1.647e+03
2.120e+04 1.657e+03
2.130e+04 1.667e+03
2.140e+04 1.676e+03
2.150e+04 1.685e+03
2.160e+04 1.694e+03
2.170e+04 1.702e+03
2.180e+04 1.712e+03
2.190e+04 1.726e+03
2.200e+04 1.745e+03
2.210e+04 1.772e+03
2.220e+04 1.801e+03
2.230e+04 1.833e+03
2.240e+04 1.864e+03
2.250e+04 1.892e+03
2.260e+04 1.913e+03
2.270e+04 1.929e+03
2.280e+04 1.938e+03
2.290e+04 1.942e+03
2.300e+04 1.942e+03
2.310e+04 1.939e+03
2.320e+04 1.938e+03
2.330e+04 1.938e+03
2.340e+04 1.942e+03
2.350e+04 1.946e+03
2.360e+04 1.952e+03
2.370e+04 1.958e+03
2.380e+04 1.964e+03
2.390e+04 1.969e+03
2.400e+04 1.974e+03
2.410e+04 1.979e+03
2.420e+04 1.983e+03
2.430e+04 1.989e+03
2.440e+04 1.992e+03
2.450e+04 1.998e+03
2.460e+04 2.003e+03
2.470e+04 2.010e+03
2.480e+04 2.017e+03
2.490e+04 2.023e+03
2.500e+04 2.028e+03
2.510e+04 2.031e+03
2.520e+04 2.033e+03
2.530e+04 2.033e+03
2.540e+04 2.031e+03
2.550e+04 2.027e+03
2.560e+04 2.022e+03
2.570e+04 2.017e+03
2.580e+04 2.010e+03
2.590e+04 2.005e+03
2.600e+04 2.002e+03
2.610e+04 2.001e+03
2.620e+04 2.003e+03
2.630e+04 2.007e+03
2.640e+04 2.010e+03
2.650e+04 2.014e+03
2.660e+04 2.021e+03
2.670e+04 2.027e+03
2.680e+04 2.037e+03
2.690e+04 2.051e+03
2.700e+04 2.072e+03
2.710e+04 2.101e+03
2.720e+04 2.134e+03
2.730e+04 2.173e+03
2.740e+04 2.217e+03
2.750e+04 2.263e+03
2.760e+04 2.309e+03
2.770e+04 2.354e+03
2.780e+04 2.396e+03
2.790e+04 2.433e+03
2.800e+04 2.463e+03
2.810e+04 2.485e+03
2.820e+04 2.499e+03
2.830e+04 2.504e+03
