-1.000000000000000000e+02
1.000000000000000000e+02
1.000000000000000000e+02
1.000000000000000000e+02
1.000000000000000000e+02
1.000000000000000000e+02
-1.000000000000000000e+02
-1.000000000000000000e+02
1.000000000000000000e+02
1.000000000000000000e+02
-1.000000000000000000e+02
-1.000000000000000000e+02
4.214663715218628681e+01
-1.000000000000000000e+02
-1.000000000000000000e+02
1.000000000000000000e+02
-1.000000000000000000e+02
-1.000000000000000000e+02
-1.000000000000000000e+02
-1.000000000000000000e+02
-1.000000000000000000e+02
1.000000000000000000e+02
-1.000000000000000000e+02
-1.000000000000000000e+02
1.000000000000000000e+02
-1.000000000000000000e+02
-1.000000000000000000e+02
1.000000000000000000e+02
-1.000000000000000000e+02
-8.421630353509772249e+01
-1.000000000000000000e+02
-1.000000000000000000e+02
1.000000000000000000e+02
-1.000000000000000000e+02
-1.000000000000000000e+02
-1.000000000000000000e+02
1.000000000000000000e+02
1.000000000000000000e+02
-1.000000000000000000e+02
-1.000000000000000000e+02
-1.000000000000000000e+02
1.000000000000000000e+02
1.000000000000000000e+02
1.000000000000000000e+02
-1.000000000000000000e+02
1.000000000000000000e+02
-1.000000000000000000e+02
-1.000000000000000000e+02
1.000000000000000000e+02
1.000000000000000000e+02
-1.000000000000000000e+02
1.000000000000000000e+02
1.000000000000000000e+02
-1.000000000000000000e+02
1.000000000000000000e+02
-1.000000000000000000e+02
1.000000000000000000e+02
1.000000000000000000e+02
1.000000000000000000e+02
1.000000000000000000e+02
1.000000000000000000e+02
-1.000000000000000000e+02
1.000000000000000000e+02
1.000000000000000000e+02
-1.000000000000000000e+02
1.000000000000000000e+02
3.811676805656439952e-03
-1.000000000000000000e+02
1.000000000000000000e+02
1.000000000000000000e+02
-1.000000000000000000e+02
3.861061921959631604e+01
1.000000000000000000e+02
1.000000000000000000e+02
-1.000000000000000000e+02
1.000000000000000000e+02
-1.000000000000000000e+02
-1.000000000000000000e+02
-1.000000000000000000e+02
-1.000000000000000000e+02
-1.000000000000000000e+02
-1.000000000000000000e+02
-1.107240911926761129e+01
1.000000000000000000e+02
1.000000000000000000e+02
1.000000000000000000e+02
-1.000000000000000000e+02
-1.000000000000000000e+02
1.000000000000000000e+02
1.000000000000000000e+02
-1.000000000000000000e+02
-1.000000000000000000e+02
1.000000000000000000e+02
-1.000000000000000000e+02
-1.000000000000000000e+02
1.000000000000000000e+02
1.000000000000000000e+02
1.000000000000000000e+02
-1.000000000000000000e+02
-1.000000000000000000e+02
-1.000000000000000000e+02
1.000000000000000000e+02
1.000000000000000000e+02
1.000000000000000000e+02
-1.000000000000000000e+02
1.000000000000000000e+02
-9.247890467474690013e+01
1.000000000000000000e+02
1.000000000000000000e+02
-1.000000000000000000e+02
-1.000000000000000000e+02
-1.000000000000000000e+02
1.000000000000000000e+02
-1.000000000000000000e+02
1.000000000000000000e+02
1.000000000000000000e+02
-1.000000000000000000e+02
-1.000000000000000000e+02
-1.000000000000000000e+02
-1.000000000000000000e+02
-1.000000000000000000e+02
1.000000000000000000e+02
-1.000000000000000000e+02
1.000000000000000000e+02
1.000000000000000000e+02
1.000000000000000000e+02
1.000000000000000000e+02
1.000000000000000000e+02
1.000000000000000000e+02
-1.000000000000000000e+02
-1.000000000000000000e+02
1.000000000000000000e+02
1.000000000000000000e+02
1.000000000000000000e+02
1.074588959154216994e+01
-1.000000000000000000e+02
-1.000000000000000000e+02
1.000000000000000000e+02
1.000000000000000000e+02
1.000000000000000000e+02
-1.000000000000000000e+02
-1.000000000000000000e+02
1.000000000000000000e+02
-1.000000000000000000e+02
1.000000000000000000e+02
-1.000000000000000000e+02
1.000000000000000000e+02
-1.000000000000000000e+02
-1.000000000000000000e+02
1.000000000000000000e+02
1.000000000000000000e+02
-1.000000000000000000e+02
1.000000000000000000e+02
-1.000000000000000000e+02
1.000000000000000000e+02
8.910144846979499711e-01
-1.000000000000000000e+02
1.000000000000000000e+02
1.000000000000000000e+02
1.000000000000000000e+02
-1.000000000000000000e+02
-1.000000000000000000e+02
-1.000000000000000000e+02
-1.000000000000000000e+02
1.000000000000000000e+02
-1.000000000000000000e+02
1.000000000000000000e+02
1.000000000000000000e+02
-1.000000000000000000e+02
1.000000000000000000e+02
1.000000000000000000e+02
-1.000000000000000000e+02
1.000000000000000000e+02
-1.000000000000000000e+02
-1.000000000000000000e+02
1.000000000000000000e+02
-1.000000000000000000e+02
1.000000000000000000e+02
1.000000000000000000e+02
1.000000000000000000e+02
1.000000000000000000e+02
1.000000000000000000e+02
1.000000000000000000e+02
1.000000000000000000e+02
1.000000000000000000e+02
1.000000000000000000e+02
1.000000000000000000e+02
-1.000000000000000000e+02
1.000000000000000000e+02
1.000000000000000000e+02
1.000000000000000000e+02
-1.000000000000000000e+02
-1.000000000000000000e+02
-1.000000000000000000e+02
1.000000000000000000e+02
-1.000000000000000000e+02
1.000000000000000000e+02
-1.000000000000000000e+02
-1.000000000000000000e+02
1.000000000000000000e+02
1.000000000000000000e+02
-1.000000000000000000e+02
1.000000000000000000e+02
-1.000000000000000000e+02
1.000000000000000000e+02
-1.000000000000000000e+02
1.000000000000000000e+02
1.000000000000000000e+02
-1.000000000000000000e+02
1.000000000000000000e+02
1.000000000000000000e+02
1.000000000000000000e+02
-1.000000000000000000e+02
1.000000000000000000e+02
-1.000000000000000000e+02
1.000000000000000000e+02
1.000000000000000000e+02
-1.000000000000000000e+02
1.000000000000000000e+02
-1.000000000000000000e+02
1.000000000000000000e+02
1.000000000000000000e+02
-1.000000000000000000e+02
-1.000000000000000000e+02
-1.000000000000000000e+02
-1.000000000000000000e+02
-1.000000000000000000e+02
-1.000000000000000000e+02
1.000000000000000000e+02
1.000000000000000000e+02
1.000000000000000000e+02
-1.000000000000000000e+02
1.000000000000000000e+02
1.000000000000000000e+02
-1.000000000000000000e+02
1.000000000000000000e+02
1.000000000000000000e+02
-1.000000000000000000e+02
-1.000000000000000000e+02
-1.000000000000000000e+02
-1.000000000000000000e+02
1.000000000000000000e+02
1.000000000000000000e+02
1.000000000000000000e+02
-8.965203600567406284e+01
1.000000000000000000e+02
-1.000000000000000000e+02
-1.000000000000000000e+02
-1.000000000000000000e+02
-1.000000000000000000e+02
1.000000000000000000e+02
-1.000000000000000000e+02
-1.000000000000000000e+02
1.000000000000000000e+02
-1.000000000000000000e+02
-1.000000000000000000e+02
1.000000000000000000e+02
-1.000000000000000000e+02
1.000000000000000000e+02
-1.000000000000000000e+02
1.000000000000000000e+02
1.000000000000000000e+02
-1.000000000000000000e+02
-1.000000000000000000e+02
-1.000000000000000000e+02
-1.000000000000000000e+02
1.000000000000000000e+02
-1.000000000000000000e+02
-1.000000000000000000e+02
1.000000000000000000e+02
1.000000000000000000e+02
-1.000000000000000000e+02
1.000000000000000000e+02
1.000000000000000000e+02
1.000000000000000000e+02
-1.000000000000000000e+02
1.000000000000000000e+02
-1.000000000000000000e+02
-1.000000000000000000e+02
-5.432238869723484243e+01
-1.000000000000000000e+02
1.000000000000000000e+02
1.000000000000000000e+02
1.000000000000000000e+02
-1.000000000000000000e+02
-1.000000000000000000e+02
1.000000000000000000e+02
1.000000000000000000e+02
-1.000000000000000000e+02
-1.000000000000000000e+02
-1.000000000000000000e+02
-1.000000000000000000e+02
1.000000000000000000e+02
1.000000000000000000e+02
-1.000000000000000000e+02
-1.000000000000000000e+02
1.000000000000000000e+02
1.000000000000000000e+02
1.000000000000000000e+02
1.000000000000000000e+02
-1.000000000000000000e+02
-1.000000000000000000e+02
-1.000000000000000000e+02
1.000000000000000000e+02
1.000000000000000000e+02
1.000000000000000000e+02
1.000000000000000000e+02
-1.000000000000000000e+02
1.000000000000000000e+02
1.000000000000000000e+02
-1.000000000000000000e+02
-1.000000000000000000e+02
1.000000000000000000e+02
1.000000000000000000e+02
-1.000000000000000000e+02
-1.000000000000000000e+02
1.000000000000000000e+02
1.000000000000000000e+02
1.000000000000000000e+02
-1.000000000000000000e+02
1.000000000000000000e+02
1.000000000000000000e+02
-1.000000000000000000e+02
1.000000000000000000e+02
1.000000000000000000e+02
1.000000000000000000e+02
-1.000000000000000000e+02
1.000000000000000000e+02
-1.000000000000000000e+02
1.000000000000000000e+02
-1.000000000000000000e+02
-1.000000000000000000e+02
-1.000000000000000000e+02
-1.000000000000000000e+02
-1.000000000000000000e+02
1.000000000000000000e+02
-1.000000000000000000e+02
-1.000000000000000000e+02
-1.000000000000000000e+02
1.000000000000000000e+02
1.000000000000000000e+02
1.000000000000000000e+02
-1.000000000000000000e+02
-1.000000000000000000e+02
1.000000000000000000e+02
1.000000000000000000e+02
-1.000000000000000000e+02
1.000000000000000000e+02
-1.000000000000000000e+02
-1.000000000000000000e+02
-1.000000000000000000e+02
-1.000000000000000000e+02
1.000000000000000000e+02
1.000000000000000000e+02
-1.000000000000000000e+02
-1.000000000000000000e+02
-1.000000000000000000e+02
-1.000000000000000000e+02
1.000000000000000000e+02
-1.000000000000000000e+02
1.000000000000000000e+02
1.000000000000000000e+02
-1.000000000000000000e+02
1.000000000000000000e+02
-1.000000000000000000e+02
-1.000000000000000000e+02
-1.000000000000000000e+02
-1.000000000000000000e+02
-1.000000000000000000e+02
-1.000000000000000000e+02
-1.000000000000000000e+02
1.000000000000000000e+02
1.000000000000000000e+02
-1.000000000000000000e+02
1.000000000000000000e+02
-1.000000000000000000e+02
-1.000000000000000000e+02
1.000000000000000000e+02
-1.000000000000000000e+02
1.000000000000000000e+02
1.000000000000000000e+02
1.000000000000000000e+02
-1.000000000000000000e+02
-1.000000000000000000e+02
-1.000000000000000000e+02
1.000000000000000000e+02
-1.000000000000000000e+02
1.000000000000000000e+02
-1.000000000000000000e+02
1.000000000000000000e+02
1.000000000000000000e+02
-1.000000000000000000e+02
1.000000000000000000e+02
1.000000000000000000e+02
2.721790857904856642e-01
1.000000000000000000e+02
1.000000000000000000e+02
-1.000000000000000000e+02
-1.000000000000000000e+02
-1.000000000000000000e+02
-1.000000000000000000e+02
-1.000000000000000000e+02
-1.000000000000000000e+02
1.000000000000000000e+02
-1.000000000000000000e+02
-1.000000000000000000e+02
1.000000000000000000e+02
1.000000000000000000e+02
-1.000000000000000000e+02
-1.000000000000000000e+02
-1.000000000000000000e+02
1.000000000000000000e+02
-1.000000000000000000e+02
-1.000000000000000000e+02
1.000000000000000000e+02
1.000000000000000000e+02
-1.000000000000000000e+02
1.000000000000000000e+02
-1.000000000000000000e+02
1.000000000000000000e+02
1.000000000000000000e+02
-1.000000000000000000e+02
-1.000000000000000000e+02
-1.000000000000000000e+02
1.000000000000000000e+02
-1.000000000000000000e+02
-1.000000000000000000e+02
1.000000000000000000e+02
1.000000000000000000e+02
-1.000000000000000000e+02
1.000000000000000000e+02
-1.000000000000000000e+02
1.000000000000000000e+02
-1.000000000000000000e+02
1.000000000000000000e+02
-1.000000000000000000e+02
1.000000000000000000e+02
1.000000000000000000e+02
1.000000000000000000e+02
-1.000000000000000000e+02
-1.000000000000000000e+02
1.000000000000000000e+02
1.000000000000000000e+02
-1.000000000000000000e+02
-1.000000000000000000e+02
1.000000000000000000e+02
1.000000000000000000e+02
-1.000000000000000000e+02
-1.000000000000000000e+02
-1.000000000000000000e+02
-1.000000000000000000e+02
1.000000000000000000e+02
1.000000000000000000e+02
-1.000000000000000000e+02
1.000000000000000000e+02
1.000000000000000000e+02
-1.000000000000000000e+02
1.000000000000000000e+02
-1.000000000000000000e+02
1.000000000000000000e+02
1.000000000000000000e+02
-1.000000000000000000e+02
1.000000000000000000e+02
1.000000000000000000e+02
-1.000000000000000000e+02
1.000000000000000000e+02
1.000000000000000000e+02
-1.000000000000000000e+02
1.000000000000000000e+02
1.000000000000000000e+02
1.000000000000000000e+02
-1.000000000000000000e+02
-1.000000000000000000e+02
-1.000000000000000000e+02
-1.000000000000000000e+02
1.000000000000000000e+02
-1.000000000000000000e+02
-1.000000000000000000e+02
-1.000000000000000000e+02
1.000000000000000000e+02
1.000000000000000000e+02
-1.000000000000000000e+02
1.000000000000000000e+02
1.000000000000000000e+02
1.000000000000000000e+02
1.000000000000000000e+02
1.000000000000000000e+02
-1.000000000000000000e+02
1.000000000000000000e+02
1.000000000000000000e+02
-1.000000000000000000e+02
-1.000000000000000000e+02
-1.000000000000000000e+02
1.000000000000000000e+02
1.000000000000000000e+02
1.000000000000000000e+02
-1.000000000000000000e+02
-1.000000000000000000e+02
-1.000000000000000000e+02
1.000000000000000000e+02
-1.000000000000000000e+02
1.000000000000000000e+02
-1.000000000000000000e+02
1.000000000000000000e+02
1.000000000000000000e+02
-1.000000000000000000e+02
1.000000000000000000e+02
-1.000000000000000000e+02
1.000000000000000000e+02
1.000000000000000000e+02
-1.000000000000000000e+02
-1.000000000000000000e+02
1.000000000000000000e+02
-8.028176542065837973e-01
-1.000000000000000000e+02
1.000000000000000000e+02
-1.000000000000000000e+02
1.000000000000000000e+02
-1.000000000000000000e+02
-1.000000000000000000e+02
1.000000000000000000e+02
-1.000000000000000000e+02
1.000000000000000000e+02
-1.000000000000000000e+02
1.000000000000000000e+02
1.000000000000000000e+02
1.000000000000000000e+02
-1.000000000000000000e+02
-1.000000000000000000e+02
1.000000000000000000e+02
1.000000000000000000e+02
-1.000000000000000000e+02
1.000000000000000000e+02
-1.000000000000000000e+02
1.000000000000000000e+02
1.000000000000000000e+02
-1.000000000000000000e+02
1.000000000000000000e+02
1.000000000000000000e+02
-1.000000000000000000e+02
-1.000000000000000000e+02
1.000000000000000000e+02
-1.000000000000000000e+02
1.000000000000000000e+02
1.000000000000000000e+02
1.000000000000000000e+02
1.000000000000000000e+02
-1.000000000000000000e+02
-1.000000000000000000e+02
-1.000000000000000000e+02
1.000000000000000000e+02
-1.000000000000000000e+02
-1.000000000000000000e+02
1.000000000000000000e+02
1.000000000000000000e+02
1.000000000000000000e+02
-1.000000000000000000e+02
-1.000000000000000000e+02
1.000000000000000000e+02
9.532081853696318774e+01
1.000000000000000000e+02
1.000000000000000000e+02
1.000000000000000000e+02
1.000000000000000000e+02
1.000000000000000000e+02
1.000000000000000000e+02
-1.000000000000000000e+02
1.000000000000000000e+02
-1.000000000000000000e+02
-1.000000000000000000e+02
-1.000000000000000000e+02
-1.000000000000000000e+02
1.000000000000000000e+02
-1.000000000000000000e+02
1.000000000000000000e+02
-1.000000000000000000e+02
-1.000000000000000000e+02
-1.000000000000000000e+02
-1.000000000000000000e+02
-1.000000000000000000e+02
-1.000000000000000000e+02
1.000000000000000000e+02
-1.000000000000000000e+02
1.000000000000000000e+02
1.000000000000000000e+02
-1.000000000000000000e+02
-1.000000000000000000e+02
1.000000000000000000e+02
1.000000000000000000e+02
-1.000000000000000000e+02
-1.000000000000000000e+02
-1.000000000000000000e+02
1.000000000000000000e+02
1.000000000000000000e+02
1.000000000000000000e+02
1.000000000000000000e+02
-1.000000000000000000e+02
-1.000000000000000000e+02
-1.000000000000000000e+02
1.000000000000000000e+02
1.000000000000000000e+02
1.000000000000000000e+02
1.000000000000000000e+02
1.000000000000000000e+02
1.000000000000000000e+02
1.000000000000000000e+02
-1.000000000000000000e+02
1.000000000000000000e+02
1.000000000000000000e+02
1.000000000000000000e+02
-1.000000000000000000e+02
-1.000000000000000000e+02
-1.000000000000000000e+02
-1.000000000000000000e+02
1.000000000000000000e+02
-1.000000000000000000e+02
1.000000000000000000e+02
1.000000000000000000e+02
1.000000000000000000e+02
1.000000000000000000e+02
-1.000000000000000000e+02
-1.000000000000000000e+02
1.000000000000000000e+02
1.000000000000000000e+02
-1.000000000000000000e+02
-1.000000000000000000e+02
-1.000000000000000000e+02
-1.000000000000000000e+02
-1.000000000000000000e+02
1.000000000000000000e+02
1.000000000000000000e+02
1.000000000000000000e+02
-1.000000000000000000e+02
1.000000000000000000e+02
1.000000000000000000e+02
1.000000000000000000e+02
-1.000000000000000000e+02
1.000000000000000000e+02
1.000000000000000000e+02
-1.000000000000000000e+02
-1.000000000000000000e+02
-1.000000000000000000e+02
1.000000000000000000e+02
1.000000000000000000e+02
-1.000000000000000000e+02
1.000000000000000000e+02
-1.000000000000000000e+02
-1.000000000000000000e+02
1.000000000000000000e+02
-1.000000000000000000e+02
-1.000000000000000000e+02
1.000000000000000000e+02
1.000000000000000000e+02
-1.000000000000000000e+02
1.000000000000000000e+02
5.532190206806070165e+01
1.000000000000000000e+02
-1.000000000000000000e+02
1.000000000000000000e+02
-1.000000000000000000e+02
1.000000000000000000e+02
-1.000000000000000000e+02
-1.000000000000000000e+02
-1.000000000000000000e+02
1.000000000000000000e+02
-1.000000000000000000e+02
-1.000000000000000000e+02
1.000000000000000000e+02
1.000000000000000000e+02
-1.000000000000000000e+02
1.000000000000000000e+02
1.000000000000000000e+02
-1.000000000000000000e+02
-1.000000000000000000e+02
-1.000000000000000000e+02
-1.000000000000000000e+02
-1.000000000000000000e+02
-1.000000000000000000e+02
1.000000000000000000e+02
-1.000000000000000000e+02
1.000000000000000000e+02
-1.000000000000000000e+02
1.000000000000000000e+02
-1.000000000000000000e+02
1.000000000000000000e+02
-1.000000000000000000e+02
-1.000000000000000000e+02
-1.000000000000000000e+02
-1.000000000000000000e+02
1.000000000000000000e+02
-1.000000000000000000e+02
-1.000000000000000000e+02
-1.000000000000000000e+02
-1.000000000000000000e+02
-1.000000000000000000e+02
-1.000000000000000000e+02
-1.000000000000000000e+02
-1.000000000000000000e+02
1.000000000000000000e+02
1.000000000000000000e+02
1.000000000000000000e+02
-1.000000000000000000e+02
-1.000000000000000000e+02
1.000000000000000000e+02
-1.000000000000000000e+02
-1.000000000000000000e+02
-1.000000000000000000e+02
1.000000000000000000e+02
1.000000000000000000e+02
1.000000000000000000e+02
1.000000000000000000e+02
1.000000000000000000e+02
-1.000000000000000000e+02
1.000000000000000000e+02
1.000000000000000000e+02
1.000000000000000000e+02
-1.000000000000000000e+02
-1.000000000000000000e+02
-1.000000000000000000e+02
1.000000000000000000e+02
-1.000000000000000000e+02
-1.000000000000000000e+02
-1.000000000000000000e+02
1.000000000000000000e+02
1.000000000000000000e+02
-1.000000000000000000e+02
-1.000000000000000000e+02
-1.000000000000000000e+02
1.000000000000000000e+02
-1.000000000000000000e+02
-1.000000000000000000e+02
-1.000000000000000000e+02
1.000000000000000000e+02
1.000000000000000000e+02
1.000000000000000000e+02
1.000000000000000000e+02
-1.000000000000000000e+02
-1.000000000000000000e+02
1.000000000000000000e+02
-1.000000000000000000e+02
1.000000000000000000e+02
-1.000000000000000000e+02
1.000000000000000000e+02
1.000000000000000000e+02
1.000000000000000000e+02
1.000000000000000000e+02
-1.000000000000000000e+02
-1.000000000000000000e+02
1.000000000000000000e+02
-1.000000000000000000e+02
-1.000000000000000000e+02
-1.000000000000000000e+02
1.000000000000000000e+02
-1.000000000000000000e+02
1.000000000000000000e+02
1.000000000000000000e+02
1.000000000000000000e+02
1.000000000000000000e+02
-1.000000000000000000e+02
1.000000000000000000e+02
-1.000000000000000000e+02
-1.000000000000000000e+02
-1.000000000000000000e+02
1.000000000000000000e+02
1.000000000000000000e+02
1.000000000000000000e+02
-1.000000000000000000e+02
1.000000000000000000e+02
-1.000000000000000000e+02
1.000000000000000000e+02
-1.000000000000000000e+02
1.000000000000000000e+02
1.000000000000000000e+02
-1.000000000000000000e+02
-1.000000000000000000e+02
-1.000000000000000000e+02
1.000000000000000000e+02
-1.000000000000000000e+02
1.000000000000000000e+02
-6.394687341785417090e+01
1.000000000000000000e+02
-1.000000000000000000e+02
-1.000000000000000000e+02
1.000000000000000000e+02
-1.000000000000000000e+02
1.000000000000000000e+02
1.000000000000000000e+02
-1.000000000000000000e+02
-1.000000000000000000e+02
1.000000000000000000e+02
-1.000000000000000000e+02
-1.000000000000000000e+02
-1.000000000000000000e+02
7.098117906580138481e+01
-1.000000000000000000e+02
1.000000000000000000e+02
-1.000000000000000000e+02
1.000000000000000000e+02
1.000000000000000000e+02
-1.000000000000000000e+02
1.000000000000000000e+02
1.000000000000000000e+02
-1.000000000000000000e+02
-1.000000000000000000e+02
1.000000000000000000e+02
1.000000000000000000e+02
-1.000000000000000000e+02
-1.000000000000000000e+02
1.000000000000000000e+02
1.000000000000000000e+02
1.000000000000000000e+02
1.000000000000000000e+02
1.000000000000000000e+02
-1.000000000000000000e+02
1.000000000000000000e+02
-1.000000000000000000e+02
-1.000000000000000000e+02
1.000000000000000000e+02
-1.000000000000000000e+02
-1.000000000000000000e+02
1.000000000000000000e+02
-1.000000000000000000e+02
-1.000000000000000000e+02
-1.000000000000000000e+02
-1.000000000000000000e+02
-1.000000000000000000e+02
-1.000000000000000000e+02
1.000000000000000000e+02
-1.000000000000000000e+02
1.000000000000000000e+02
1.000000000000000000e+02
1.000000000000000000e+02
-1.000000000000000000e+02
1.000000000000000000e+02
-1.000000000000000000e+02
-1.000000000000000000e+02
-1.000000000000000000e+02
-1.000000000000000000e+02
-1.000000000000000000e+02
-1.000000000000000000e+02
1.000000000000000000e+02
1.000000000000000000e+02
1.000000000000000000e+02
1.000000000000000000e+02
1.000000000000000000e+02
-1.000000000000000000e+02
-1.000000000000000000e+02
1.000000000000000000e+02
1.000000000000000000e+02
-1.000000000000000000e+02
-1.000000000000000000e+02
-1.000000000000000000e+02
-1.000000000000000000e+02
1.000000000000000000e+02
1.000000000000000000e+02
-1.000000000000000000e+02
1.000000000000000000e+02
1.000000000000000000e+02
1.000000000000000000e+02
1.000000000000000000e+02
-1.000000000000000000e+02
-1.000000000000000000e+02
1.000000000000000000e+02
-1.000000000000000000e+02
1.000000000000000000e+02
-1.000000000000000000e+02
-9.333651974904904947e+00
-1.000000000000000000e+02
1.000000000000000000e+02
-1.000000000000000000e+02
-1.000000000000000000e+02
-1.000000000000000000e+02
1.000000000000000000e+02
-1.000000000000000000e+02
1.000000000000000000e+02
1.000000000000000000e+02
1.000000000000000000e+02
-1.000000000000000000e+02
-1.000000000000000000e+02
1.000000000000000000e+02
-1.000000000000000000e+02
1.000000000000000000e+02
1.000000000000000000e+02
1.000000000000000000e+02
-1.000000000000000000e+02
-1.000000000000000000e+02
1.000000000000000000e+02
1.000000000000000000e+02
-1.000000000000000000e+02
-1.000000000000000000e+02
-1.000000000000000000e+02
1.000000000000000000e+02
1.000000000000000000e+02
-1.000000000000000000e+02
1.000000000000000000e+02
-1.000000000000000000e+02
1.000000000000000000e+02
-1.000000000000000000e+02
-1.000000000000000000e+02
1.000000000000000000e+02
-3.860092220506749783e+01
-1.000000000000000000e+02
1.000000000000000000e+02
1.000000000000000000e+02
1.000000000000000000e+02
1.000000000000000000e+02
1.000000000000000000e+02
-1.000000000000000000e+02
1.000000000000000000e+02
1.000000000000000000e+02
-1.000000000000000000e+02
1.000000000000000000e+02
1.000000000000000000e+02
1.000000000000000000e+02
1.000000000000000000e+02
1.000000000000000000e+02
-1.000000000000000000e+02
1.000000000000000000e+02
-1.000000000000000000e+02
-1.000000000000000000e+02
-1.000000000000000000e+02
-1.000000000000000000e+02
-1.000000000000000000e+02
1.000000000000000000e+02
-1.000000000000000000e+02
-1.000000000000000000e+02
1.000000000000000000e+02
-1.000000000000000000e+02
-1.000000000000000000e+02
-1.000000000000000000e+02
1.000000000000000000e+02
-1.000000000000000000e+02
-1.000000000000000000e+02
1.000000000000000000e+02
1.000000000000000000e+02
1.000000000000000000e+02
1.000000000000000000e+02
1.000000000000000000e+02
1.000000000000000000e+02
-1.000000000000000000e+02
-1.000000000000000000e+02
1.000000000000000000e+02
1.000000000000000000e+02
-1.000000000000000000e+02
1.000000000000000000e+02
-1.000000000000000000e+02
-1.000000000000000000e+02
1.000000000000000000e+02
1.000000000000000000e+02
1.000000000000000000e+02
-1.000000000000000000e+02
-1.000000000000000000e+02
-1.000000000000000000e+02
-1.000000000000000000e+02
-1.000000000000000000e+02
1.000000000000000000e+02
1.000000000000000000e+02
1.000000000000000000e+02
-1.000000000000000000e+02
-1.000000000000000000e+02
1.000000000000000000e+02
-1.000000000000000000e+02
1.000000000000000000e+02
1.000000000000000000e+02
-1.000000000000000000e+02
-1.000000000000000000e+02
1.000000000000000000e+02
-1.000000000000000000e+02
1.000000000000000000e+02
1.000000000000000000e+02
-1.000000000000000000e+02
1.000000000000000000e+02
1.000000000000000000e+02
-1.000000000000000000e+02
-1.000000000000000000e+02
-1.000000000000000000e+02
-1.000000000000000000e+02
1.000000000000000000e+02
1.000000000000000000e+02
1.000000000000000000e+02
-1.000000000000000000e+02
1.000000000000000000e+02
1.000000000000000000e+02
-1.000000000000000000e+02
1.000000000000000000e+02
-1.000000000000000000e+02
1.000000000000000000e+02
1.000000000000000000e+02
-1.000000000000000000e+02
1.000000000000000000e+02
1.000000000000000000e+02
1.000000000000000000e+02
-1.000000000000000000e+02
-1.000000000000000000e+02
-1.000000000000000000e+02
-1.000000000000000000e+02
-1.000000000000000000e+02
-1.000000000000000000e+02
1.000000000000000000e+02
-1.000000000000000000e+02
-1.000000000000000000e+02
1.000000000000000000e+02
1.000000000000000000e+02
1.000000000000000000e+02
-1.000000000000000000e+02
-1.000000000000000000e+02
1.000000000000000000e+02
-1.000000000000000000e+02
1.000000000000000000e+02
1.000000000000000000e+02
1.000000000000000000e+02
-1.000000000000000000e+02
-1.000000000000000000e+02
1.000000000000000000e+02
-1.000000000000000000e+02
1.000000000000000000e+02
1.000000000000000000e+02
-1.000000000000000000e+02
1.000000000000000000e+02
4.652303951120116210e+01
-1.000000000000000000e+02
1.000000000000000000e+02
1.000000000000000000e+02
-1.000000000000000000e+02
1.000000000000000000e+02
-1.000000000000000000e+02
-1.000000000000000000e+02
1.000000000000000000e+02
1.000000000000000000e+02
1.000000000000000000e+02
-1.000000000000000000e+02
1.000000000000000000e+02
-1.000000000000000000e+02
1.000000000000000000e+02
1.000000000000000000e+02
-1.000000000000000000e+02
-1.000000000000000000e+02
1.000000000000000000e+02
1.000000000000000000e+02
1.000000000000000000e+02
-1.000000000000000000e+02
1.000000000000000000e+02
1.000000000000000000e+02
1.000000000000000000e+02
-1.000000000000000000e+02
1.000000000000000000e+02
-1.000000000000000000e+02
1.000000000000000000e+02
1.000000000000000000e+02
-1.000000000000000000e+02
-1.000000000000000000e+02
1.000000000000000000e+02
-1.000000000000000000e+02
-1.000000000000000000e+02
1.000000000000000000e+02
-1.000000000000000000e+02
1.000000000000000000e+02
-1.000000000000000000e+02
1.000000000000000000e+02
-1.000000000000000000e+02
1.000000000000000000e+02
-1.000000000000000000e+02
-1.000000000000000000e+02
-1.000000000000000000e+02
1.000000000000000000e+02
1.000000000000000000e+02
-1.000000000000000000e+02
-1.000000000000000000e+02
-1.000000000000000000e+02
9.952424647657852574e+01
3.260487089713117825e+01
1.000000000000000000e+02
1.000000000000000000e+02
-1.000000000000000000e+02
-1.000000000000000000e+02
1.000000000000000000e+02
-1.000000000000000000e+02
-1.000000000000000000e+02
1.000000000000000000e+02
1.000000000000000000e+02
-1.000000000000000000e+02
1.000000000000000000e+02
1.000000000000000000e+02
-1.000000000000000000e+02
-1.000000000000000000e+02
-1.000000000000000000e+02
1.000000000000000000e+02
1.000000000000000000e+02
1.000000000000000000e+02
1.000000000000000000e+02
1.000000000000000000e+02
1.000000000000000000e+02
1.000000000000000000e+02
1.000000000000000000e+02
-1.000000000000000000e+02
1.000000000000000000e+02
-1.000000000000000000e+02
-1.000000000000000000e+02
1.000000000000000000e+02
-1.000000000000000000e+02
-1.000000000000000000e+02
-1.000000000000000000e+02
1.000000000000000000e+02
-1.000000000000000000e+02
1.000000000000000000e+02
1.000000000000000000e+02
1.000000000000000000e+02
-1.000000000000000000e+02
1.000000000000000000e+02
1.000000000000000000e+02
-1.000000000000000000e+02
-1.000000000000000000e+02
-1.000000000000000000e+02
1.000000000000000000e+02
1.000000000000000000e+02
-1.000000000000000000e+02
-1.000000000000000000e+02
-1.000000000000000000e+02
-1.000000000000000000e+02
1.000000000000000000e+02
1.000000000000000000e+02
-1.000000000000000000e+02
1.000000000000000000e+02
-1.000000000000000000e+02
-1.000000000000000000e+02
1.000000000000000000e+02
1.000000000000000000e+02
-1.000000000000000000e+02
-1.000000000000000000e+02
1.000000000000000000e+02
1.000000000000000000e+02
1.000000000000000000e+02
1.000000000000000000e+02
-1.000000000000000000e+02
1.000000000000000000e+02
-1.000000000000000000e+02
1.000000000000000000e+02
1.000000000000000000e+02
1.000000000000000000e+02
1.000000000000000000e+02
-1.000000000000000000e+02
1.000000000000000000e+02
1.000000000000000000e+02
1.000000000000000000e+02
-1.000000000000000000e+02
-1.000000000000000000e+02
1.000000000000000000e+02
-1.000000000000000000e+02
1.000000000000000000e+02
-1.000000000000000000e+02
1.000000000000000000e+02
-1.000000000000000000e+02
-1.000000000000000000e+02
1.000000000000000000e+02
-1.000000000000000000e+02
1.000000000000000000e+02
-1.000000000000000000e+02
1.000000000000000000e+02
-1.000000000000000000e+02
1.000000000000000000e+02
1.000000000000000000e+02
-1.000000000000000000e+02
1.000000000000000000e+02
1.000000000000000000e+02
-1.000000000000000000e+02
-1.000000000000000000e+02
1.000000000000000000e+02
-1.000000000000000000e+02
-1.000000000000000000e+02
1.000000000000000000e+02
-1.000000000000000000e+02
-1.000000000000000000e+02
-1.000000000000000000e+02
-1.000000000000000000e+02
-1.000000000000000000e+02
1.000000000000000000e+02
-1.000000000000000000e+02
1.000000000000000000e+02
-1.000000000000000000e+02
-1.000000000000000000e+02
1.000000000000000000e+02
1.000000000000000000e+02
-3.824027723453757943e+01
-1.000000000000000000e+02
-1.000000000000000000e+02
-1.000000000000000000e+02
-1.027962324776463454e+01
-1.000000000000000000e+02
1.000000000000000000e+02
1.000000000000000000e+02
-1.000000000000000000e+02
-1.000000000000000000e+02
1.000000000000000000e+02
1.000000000000000000e+02
1.000000000000000000e+02
-1.000000000000000000e+02
1.000000000000000000e+02
-1.000000000000000000e+02
-1.000000000000000000e+02
1.000000000000000000e+02
1.000000000000000000e+02
1.000000000000000000e+02
-1.000000000000000000e+02
-1.000000000000000000e+02
-1.000000000000000000e+02
-1.000000000000000000e+02
1.000000000000000000e+02
1.000000000000000000e+02
-1.000000000000000000e+02
