461 47 3 1111   2.06000000000E+004  2.94559143180E+003  0.00000000000E+000  2.94559143180E+003  2.90100000000E+003 -5.03227792847E+000 -4.01382677349E+000
461 47 3 1110   2.03940000000E+004  2.87906069439E+003  0.00000000000E+000  2.87906069439E+003  2.81354316460E+003 -1.25114237168E+001 -6.18016500351E+000
461 47 3 1109   2.01880000000E+004  2.83224979534E+003  0.00000000000E+000  2.83224979534E+003  2.74039356591E+003 -1.54580428256E+001 -4.89508349812E+000
461 47 3 1108   1.99820000000E+004  2.80329866650E+003  0.00000000000E+000  2.80329866650E+003  2.68940216730E+003 -1.76808090555E+001 -4.27845857814E+000
461 47 3 1107   1.97760000000E+004  2.77967213351E+003  0.00000000000E+000  2.77967213351E+003  2.65794106129E+003 -2.11545016351E+001 -4.50890788595E+000
461 47 3 1106   1.95700000000E+004  2.75445375902E+003  0.00000000000E+000  2.75445375902E+003  2.63588479810E+003 -2.61161592943E+001 -5.45431019386E+000
461 47 3 1105   1.93640000000E+004  2.72496808146E+003  0.00000000000E+000  2.72496808146E+003  2.61191374976E+003 -3.18283170468E+001 -6.80310744422E+000
461 47 3 1104   1.91580000000E+004  2.69068650777E+003  0.00000000000E+000  2.69068650777E+003  2.58115830190E+003 -3.67305060868E+001 -8.32483498072E+000
461 47 3 1103   1.89520000000E+004  2.65227519070E+003  0.00000000000E+000  2.65227519070E+003  2.53741751171E+003 -3.82594125386E+001 -8.97341935442E+000
461 47 3 1102   1.87460000000E+004  2.61464323454E+003  0.00000000000E+000  2.61464323454E+003  2.48887979626E+003 -3.83237116412E+001 -7.97409478898E+000
461 47 3 1101   1.85400000000E+004  2.58431560989E+003  0.00000000000E+000  2.58431560989E+003  2.44429072288E+003 -3.77092991103E+001 -6.15747429668E+000
461 47 3 1100   1.83340000000E+004  2.56035165119E+003  0.00000000000E+000  2.56035165119E+003  2.40820662944E+003 -3.68366763631E+001 -5.19111970646E+000
461 47 3 1099   1.81280000000E+004  2.53870838336E+003  0.00000000000E+000  2.53870838336E+003  2.37566406926E+003 -3.61441144882E+001 -4.82594559540E+000
461 47 3 1098   1.79220000000E+004  2.51810726582E+003  0.00000000000E+000  2.51810726582E+003  2.34417024608E+003 -3.52789762471E+001 -4.40865914457E+000
461 47 3 1097   1.77160000000E+004  2.49982429491E+003  0.00000000000E+000  2.49982429491E+003  2.31009305800E+003 -3.41107571831E+001 -3.48606897229E+000
461 47 3 1096   1.75100000000E+004  2.48560124171E+003  0.00000000000E+000  2.48560124171E+003  2.28338769034E+003 -3.34990454568E+001 -2.66340848351E+000
461 47 3 1095   1.73040000000E+004  2.47439651876E+003  0.00000000000E+000  2.47439651876E+003  2.26414370091E+003 -3.36501928803E+001 -2.32536243528E+000
461 47 3 1094   1.70980000000E+004  2.46315371772E+003  0.00000000000E+000  2.46315371772E+003  2.26410138132E+003 -3.57493626749E+001 -2.61040303469E+000
461 47 3 1093   1.68920000000E+004  2.44821786891E+003  0.00000000000E+000  2.44821786891E+003  2.27344982362E+003 -4.11925517775E+001 -3.93293008238E+000
461 47 3 1092   1.66860000000E+004  2.42687181229E+003  0.00000000000E+000  2.42687181229E+003  2.28124362777E+003 -4.94261038176E+001 -6.23481634421E+000
461 47 3 1091   1.64800000000E+004  2.39690246134E+003  0.00000000000E+000  2.39690246134E+003  2.27549700584E+003 -5.90379079279E+001 -1.00610061384E+001
461 47 3 1090   1.62740000000E+004  2.35569673160E+003  0.00000000000E+000  2.35569673160E+003  2.24766023696E+003 -6.47381144462E+001 -1.47224099629E+001
461 47 3 1089   1.60680000000E+004  2.30223270343E+003  0.00000000000E+000  2.30223270343E+003  2.19553145884E+003 -6.43506880746E+001 -1.75278697330E+001
461 47 3 1088   1.58620000000E+004  2.25058105955E+003  0.00000000000E+000  2.25058105955E+003  2.12952328328E+003 -5.98433852401E+001 -1.28385565159E+001
461 47 3 1087   1.56560000000E+004  2.21520444044E+003  0.00000000000E+000  2.21520444044E+003  2.07391872494E+003 -5.08406549761E+001 -6.01411922835E+000
461 47 3 1086   1.54500000000E+004  2.19125620260E+003  0.00000000000E+000  2.19125620260E+003  2.03420042189E+003 -4.45722880733E+001 -4.12191364247E+000
461 47 3 1085   1.52440000000E+004  2.17127320934E+003  0.00000000000E+000  2.17127320934E+003  2.00870098689E+003 -4.19222940414E+001 -3.23297498086E+000
461 47 3 1084   1.50380000000E+004  2.15229016008E+003  0.00000000000E+000  2.15229016008E+003  1.99429271113E+003 -4.14362810055E+001 -3.31029527180E+000
461 47 3 1083   1.48320000000E+004  2.13021696307E+003  0.00000000000E+000  2.13021696307E+003  1.97911696881E+003 -4.13037649259E+001 -4.13637297371E+000
461 47 3 1082   1.46260000000E+004  2.10499765932E+003  0.00000000000E+000  2.10499765932E+003  1.95614978076E+003 -4.09508658717E+001 -4.44540880508E+000
461 47 3 1081   1.44200000000E+004  2.07943049333E+003  0.00000000000E+000  2.07943049333E+003  1.93144986535E+003 -4.00259341275E+001 -4.09834077410E+000
461 47 3 1080   1.42140000000E+004  2.05500684886E+003  0.00000000000E+000  2.05500684886E+003  1.90395966636E+003 -3.82105278154E+001 -3.45831159594E+000
461 47 3 1079   1.40080000000E+004  2.03328616664E+003  0.00000000000E+000  2.03328616664E+003  1.87971308060E+003 -3.64252165660E+001 -2.56285738915E+000
461 47 3 1078   1.38020000000E+004  2.01428655062E+003  0.00000000000E+000  2.01428655062E+003  1.86509987417E+003 -3.60538253827E+001 -2.24151015879E+000
461 47 3 1077   1.35960000000E+004  1.99377858270E+003  0.00000000000E+000  1.99377858270E+003  1.85784631518E+003 -3.67282222694E+001 -3.02261408570E+000
461 47 3 1076   1.33900000000E+004  1.96659655069E+003  0.00000000000E+000  1.96659655069E+003  1.84508206054E+003 -3.79633196847E+001 -4.65528407411E+000
461 47 3 1075   1.31840000000E+004  1.93047677353E+003  0.00000000000E+000  1.93047677353E+003  1.81836094557E+003 -3.79160843062E+001 -6.13040228699E+000
461 47 3 1074   1.29780000000E+004  1.89049443239E+003  0.00000000000E+000  1.89049443239E+003  1.77824400251E+003 -3.65297571637E+001 -5.74554922524E+000
461 47 3 1073   1.27720000000E+004  1.85563418038E+003  0.00000000000E+000  1.85563418038E+003  1.73410733505E+003 -3.18036107698E+001 -3.42808227872E+000
461 47 3 1072   1.25660000000E+004  1.82916333701E+003  0.00000000000E+000  1.82916333701E+003  1.69465411467E+003 -2.64803859983E+001 -1.61615208943E+000
461 47 3 1071   1.23600000000E+004  1.80793440520E+003  0.00000000000E+000  1.80793440520E+003  1.67251382981E+003 -2.33099578003E+001 -9.40348762525E-001
461 47 3 1070   1.21540000000E+004  1.78594711768E+003  0.00000000000E+000  1.78594711768E+003  1.65827298376E+003 -2.14768365447E+001 -1.02345569686E+000
461 47 3 1069   1.19480000000E+004  1.76115682196E+003  0.00000000000E+000  1.76115682196E+003  1.63579999162E+003 -1.90997939042E+001 -8.44149614718E-001
461 47 3 1068   1.17420000000E+004  1.73851982376E+003  0.00000000000E+000  1.73851982376E+003  1.61082579311E+003 -1.59553778089E+001 -4.95178933322E-002
461 47 3 1067   1.15360000000E+004  1.71810014497E+003  0.00000000000E+000  1.71810014497E+003  1.59230777552E+003 -1.27665695213E+001  3.17482644944E-001
461 47 3 1066   1.13300000000E+004  1.69957113848E+003  0.00000000000E+000  1.69957113848E+003  1.58261892404E+003 -1.04217211728E+001  6.98206626123E-001
461 47 3 1065   1.11240000000E+004  1.67685208188E+003  0.00000000000E+000  1.67685208188E+003  1.58346927666E+003 -7.76057449733E+000  6.32288574509E-001
461 47 3 1064   1.09180000000E+004  1.65494199816E+003  0.00000000000E+000  1.65494199816E+003  1.58766304985E+003 -6.27974691466E+000  6.46338705894E-001
461 47 3 1063   1.07120000000E+004  1.59742991559E+003  0.00000000000E+000  1.54787511576E+003  1.58742991559E+003 -1.48925429981E-001  1.96919718737E-001
461 47 3 1062   1.05060000000E+004  1.58641909908E+003  0.00000000000E+000  3.38662007066E+002  1.57641909908E+003  2.45308221978E-002 -8.30363368318E-002
461 47 3 1061   1.03000000000E+004  1.57100000000E+003  0.00000000000E+000  5.76908720766E+002  1.56100000000E+003 -1.55118709401E-002  1.39728652677E-001
461 47 3 1060   1.00940000000E+004  1.56387113566E+003  0.00000000000E+000  4.15636118450E+002  1.55387113566E+003 -5.43438036052E-002 -4.82697002474E-001
461 47 3 1059   9.88800000000E+003  1.56415253100E+003  0.00000000000E+000  4.52724205954E+002  1.55415253100E+003  3.31777501308E-001  1.80094463107E+000
461 47 3 1058   9.68200000000E+003  1.56649141407E+003  0.00000000000E+000 -3.96511319791E+002  1.55649141407E+003 -2.23369317897E+000 -6.78465892346E+000
461 47 3 1057   9.47600000000E+003  1.57602423235E+003  0.00000000000E+000 -3.91872366022E+002  1.56602423235E+003 -2.90790745146E+002  1.31400196805E+001
461 47 3 1056   9.27000000000E+003  1.58388697171E+003  0.00000000000E+000 -3.79298667566E+002  1.57388697171E+003 -2.21608683013E+001  2.57466134483E+000
461 47 3 1055   9.06400000000E+003  1.58283319639E+003  0.00000000000E+000 -4.73879592946E+002  1.57283319639E+003  4.75032355159E+001  1.88244065380E+001
461 47 3 1054   8.85800000000E+003  1.57045788372E+003  0.00000000000E+000 -4.99174837729E+002  1.56045788372E+003  2.38513802545E+003  2.64191229219E+002
461 47 3 1053   8.65200000000E+003  1.54902845770E+003  0.00000000000E+000 -5.28106423201E+002  1.53902845770E+003  8.99652590679E+003  1.36887096680E+003
461 47 3 1052   8.44600000000E+003  1.51944845544E+003  0.00000000000E+000 -5.59599738880E+002  1.50944845544E+003  1.67176016237E+004  2.52773005251E+003
461 47 3 1051   8.24000000000E+003  1.48881811162E+003  0.00000000000E+000 -5.87113572599E+002  1.47881811162E+003  7.69603204620E+003  6.17492060001E+002
461 47 3 1050   8.03400000000E+003  1.47087334073E+003  0.00000000000E+000 -5.98442020422E+002  1.46087334073E+003  9.43074448420E+002 -8.06666356728E+001
461 47 3 1049   7.82800000000E+003  1.46162991494E+003  0.00000000000E+000 -5.73776507549E+002  1.45162991494E+003  3.81349074318E+001  1.41992390657E+001
461 47 3 1048   7.62200000000E+003  1.46068117127E+003  0.00000000000E+000 -6.41002608847E+002  1.45068117127E+003 -1.96339227999E+001 -5.57658658765E+000
461 47 3 1047   7.41600000000E+003  1.46564412741E+003  0.00000000000E+000 -6.42845544505E+002  1.45564412741E+003 -5.51499243448E+001  2.88658839095E+000
461 47 3 1046   7.21000000000E+003  1.46888795069E+003  0.00000000000E+000 -6.27813082185E+002  1.45888795069E+003  3.92858496038E+000  6.94846916983E-001
461 47 3 1045   7.00400000000E+003  1.46607125842E+003  0.00000000000E+000 -6.98208805250E+002  1.45607125842E+003  1.04771164189E+000 -2.46188417061E-001
461 47 3 1044   6.79800000000E+003  1.46602876818E+003  0.00000000000E+000 -6.40720695183E+002  1.45602876818E+003 -1.22341185205E-001  3.92667129418E-002
461 47 3 1043   6.59200000000E+003  1.46582629221E+003  0.00000000000E+000 -7.73155580436E+002  1.45582629221E+003 -1.19330096176E-004 -7.40129120595E-003
461 47 3 1042   6.38600000000E+003  1.45166666898E+003  0.00000000000E+000 -9.71423881214E+002  1.44166666898E+003 -7.94806468257E-004  1.88879823630E-003
461 47 3 1041   6.18000000000E+003  1.42753500360E+003  0.00000000000E+000 -1.01174289270E+003  1.41753500360E+003 -7.37214859926E-004 -6.07235640954E-004
461 47 3 1040   5.97400000000E+003  1.40756660194E+003  0.00000000000E+000 -1.05226523770E+003  1.39756660194E+003 -2.50155828783E-004  1.42519267023E-004
461 47 3 1039   5.76800000000E+003  1.39343658842E+003  0.00000000000E+000 -9.77323829377E+002  1.38343658842E+003 -2.91191157683E-005 -3.58033307534E-005
461 47 3 1038   5.56200000000E+003  1.39173173037E+003  0.00000000000E+000 -1.20468876998E+003  1.38173173037E+003  6.74030565399E-006  1.05205436131E-005
461 47 3 1037   5.35600000000E+003  1.39703934034E+003  0.00000000000E+000 -1.30624208215E+003  1.38703934034E+003  1.43884713698E-005 -3.22152674538E-006
461 47 3 1036   5.15000000000E+003  1.40331456651E+003  0.00000000000E+000 -1.30130496739E+003  1.39331456651E+003  1.30527137208E-006  7.54654171044E-008
461 47 3 1035   4.94400000000E+003  1.39935836143E+003  0.00000000000E+000 -1.48086361029E+003  1.38935836143E+003 -1.07510173679E-005 -7.38998171282E-007
461 47 3 1034   4.73800000000E+003  1.39304241220E+003  0.00000000000E+000 -1.61207285804E+003  1.38304241220E+003 -1.12343064759E-005  2.59400844308E-008
461 47 3 1033   4.53200000000E+003  1.38812960905E+003  0.00000000000E+000 -1.66127960501E+003  1.37812960905E+003 -1.29024752931E-005 -1.43642762129E-006
461 47 3 1032   4.32600000000E+003  1.38025148588E+003  0.00000000000E+000 -1.99741581094E+003  1.37025148588E+003 -5.22331160323E-005 -2.92188587161E-006
461 47 3 1031   4.12000000000E+003  1.37049316027E+003  0.00000000000E+000 -1.85917010322E+003  1.36049316027E+003 -2.95394509187E-005  3.53804386200E-007
461 47 3 1030   3.91400000000E+003  1.36516929848E+003  0.00000000000E+000 -1.99237367725E+003  1.35516929848E+003 -9.84964500209E-007  6.72460286587E-007
461 47 3 1029   3.70800000000E+003  1.36678905029E+003  0.00000000000E+000 -2.15738591175E+003  1.35678905029E+003  4.49275955932E-006  1.61731840512E-008
461 47 3 1028   3.50200000000E+003  1.37294963304E+003  0.00000000000E+000 -2.22439295755E+003  1.36294963304E+003  8.23753973191E-006 -2.55444857253E-007
461 47 3 1027   3.29600000000E+003  1.37597063378E+003  0.00000000000E+000 -2.37061868198E+003  1.36597063378E+003 -6.31781234670E-007 -4.37666705908E-007
461 47 3 1026   3.09000000000E+003  1.37174864902E+003  0.00000000000E+000 -2.60746991290E+003  1.36174864902E+003 -1.06592530953E-005 -5.24946496245E-007
461 47 3 1025   2.88400000000E+003  1.36549122854E+003  0.00000000000E+000 -2.81960119675E+003  1.35549122854E+003 -1.22808943512E-005 -2.97491771270E-007
461 47 3 1024   2.67800000000E+003  1.36041038375E+003  0.00000000000E+000 -2.91500892183E+003  1.35041038375E+003 -7.83008720444E-006  1.75133720346E-007
461 47 3 1023   2.47200000000E+003  1.35579189133E+003  0.00000000000E+000 -2.41306025564E+003  1.34579189133E+003 -1.97153977830E-006 -2.67906442425E-007
461 47 3 1022   2.26600000000E+003  1.35911078185E+003  0.00000000000E+000 -2.43253034850E+003  1.34911078185E+003  2.00166860718E-005  3.44483959599E-006
461 47 3 1021   2.06000000000E+003  1.37043703354E+003  0.00000000000E+000 -3.05817544368E+003  1.36043703354E+003  1.36157727925E-004 -7.76707654864E-006
461 47 3 1020   1.85400000000E+003  1.38268372974E+003  0.00000000000E+000 -3.48890754163E+003  1.37268372974E+003  2.76181773534E-005 -5.33941616814E-006
461 47 3 1019   1.64800000000E+003  1.38641951997E+003  0.00000000000E+000 -3.65780964684E+003  1.37641951997E+003  7.51570116593E-007  9.56318191928E-007
461 47 3 1018   1.44200000000E+003  1.38784577601E+003  0.00000000000E+000 -3.38455754250E+003  1.37784577601E+003 -1.45662794279E-006 -2.22375474945E-006
461 47 3 1017   1.23600000000E+003  1.37756325505E+003  0.00000000000E+000 -3.65657879709E+003  1.36756325505E+003 -1.39932596485E-004 -1.53246597388E-005
461 47 3 1016   1.03000000000E+003  1.36246425691E+003  0.00000000000E+000 -4.14283817559E+003  1.35246425691E+003 -2.64522795733E-004 -2.11894647281E-005
461 47 3 1015   8.24000000000E+002  1.34647892576E+003  0.00000000000E+000 -4.67958303927E+003  1.33647892576E+003 -1.55881207654E-004 -3.94275046636E-006
461 47 3 1014   6.18000000000E+002  1.33575492257E+003  0.00000000000E+000 -5.02786951941E+003  1.32575492257E+003 -4.01423680035E-005  2.33495436006E-007
461 47 3 1013   4.12000000000E+002  1.32768551137E+003  0.00000000000E+000 -4.66380765121E+003  1.31768551137E+003 -3.98072422508E-005 -7.21296842847E-007
461 47 3 1012   2.06000000000E+002  1.32008372858E+003  0.00000000000E+000 -4.69090552522E+003  1.31008372858E+003  3.32722671647E-006  2.13896080335E-007
461 47 3 1011   0.00000000000E+000  1.32000000000E+003  0.00000000000E+000 -4.63534518686E+003  1.31000000000E+003 -5.79180254821E-005 -4.02212342737E-006
481 49 3 1111   2.06000000000E+004  2.94559143180E+003  0.00000000000E+000  2.94559143180E+003  2.90100000000E+003 -5.03227792893E+000 -4.01382677384E+000
481 49 3 1110   2.03940000000E+004  2.87906069438E+003  0.00000000000E+000  2.87906069438E+003  2.81354316460E+003 -1.25114237185E+001 -6.18016500451E+000
481 49 3 1109   2.01880000000E+004  2.83224979531E+003  0.00000000000E+000  2.83224979531E+003  2.74039356591E+003 -1.54580428293E+001 -4.89508349989E+000
481 49 3 1108   1.99820000000E+004  2.80329866647E+003  0.00000000000E+000  2.80329866647E+003  2.68940216730E+003 -1.76808090609E+001 -4.27845857993E+000
481 49 3 1107   1.97760000000E+004  2.77967213347E+003  0.00000000000E+000  2.77967213347E+003  2.65794106129E+003 -2.11545016435E+001 -4.50890788843E+000
481 49 3 1106   1.95700000000E+004  2.75445375895E+003  0.00000000000E+000  2.75445375895E+003  2.63588479810E+003 -2.61161593094E+001 -5.45431019887E+000
481 49 3 1105   1.93640000000E+004  2.72496808135E+003  0.00000000000E+000  2.72496808135E+003  2.61191374976E+003 -3.18283170744E+001 -6.80310745462E+000
481 49 3 1104   1.91580000000E+004  2.69068650760E+003  0.00000000000E+000  2.69068650760E+003  2.58115830190E+003 -3.67305061425E+001 -8.32483500268E+000
481 49 3 1103   1.89520000000E+004  2.65227519046E+003  0.00000000000E+000  2.65227519046E+003  2.53741751171E+003 -3.82594126259E+001 -8.97341938721E+000
481 49 3 1102   1.87460000000E+004  2.61464323419E+003  0.00000000000E+000  2.61464323419E+003  2.48887979626E+003 -3.83237117380E+001 -7.97409482914E+000
481 49 3 1101   1.85400000000E+004  2.58431560938E+003  0.00000000000E+000  2.58431560938E+003  2.44429072288E+003 -3.77092992344E+001 -6.15747434463E+000
481 49 3 1100   1.83340000000E+004  2.56035165051E+003  0.00000000000E+000  2.56035165051E+003  2.40820662944E+003 -3.68366765144E+001 -5.19111974956E+000
481 49 3 1099   1.81280000000E+004  2.53870838252E+003  0.00000000000E+000  2.53870838252E+003  2.37566406926E+003 -3.61441146588E+001 -4.82594564193E+000
481 49 3 1098   1.79220000000E+004  2.51810726479E+003  0.00000000000E+000  2.51810726479E+003  2.34417024608E+003 -3.52789764357E+001 -4.40865919243E+000
481 49 3 1097   1.77160000000E+004  2.49982429368E+003  0.00000000000E+000  2.49982429368E+003  2.31009305800E+003 -3.41107573799E+001 -3.48606901801E+000
481 49 3 1096   1.75100000000E+004  2.48560124032E+003  0.00000000000E+000  2.48560124032E+003  2.28338769034E+003 -3.34990456616E+001 -2.66340851410E+000
481 49 3 1095   1.73040000000E+004  2.47439651720E+003  0.00000000000E+000  2.47439651720E+003  2.26414370091E+003 -3.36501930911E+001 -2.32536247181E+000
481 49 3 1094   1.70980000000E+004  2.46315371604E+003  0.00000000000E+000  2.46315371604E+003  2.26410138132E+003 -3.57493629515E+001 -2.61040306882E+000
481 49 3 1093   1.68920000000E+004  2.44821786691E+003  0.00000000000E+000  2.44821786691E+003  2.27344982362E+003 -4.11925521988E+001 -3.93293020096E+000
481 49 3 1092   1.66860000000E+004  2.42687180996E+003  0.00000000000E+000  2.42687180996E+003  2.28124362777E+003 -4.94261046028E+001 -6.23481653204E+000
481 49 3 1091   1.64800000000E+004  2.39690245796E+003  0.00000000000E+000  2.39690245796E+003  2.27549700584E+003 -5.90379094254E+001 -1.00610067991E+001
481 49 3 1090   1.62740000000E+004  2.35569672676E+003  0.00000000000E+000  2.35569672676E+003  2.24766023696E+003 -6.47381180355E+001 -1.47224113102E+001
481 49 3 1089   1.60680000000E+004  2.30223269565E+003  0.00000000000E+000  2.30223269565E+003  2.19553145884E+003 -6.43506920857E+001 -1.75278722204E+001
481 49 3 1088   1.58620000000E+004  2.25058104412E+003  0.00000000000E+000  2.25058104412E+003  2.12952328328E+003 -5.98433914824E+001 -1.28385607752E+001
481 49 3 1087   1.56560000000E+004  2.21520441507E+003  0.00000000000E+000  2.21520441507E+003  2.07391872494E+003 -5.08406631456E+001 -6.01412260927E+000
481 49 3 1086   1.54500000000E+004  2.19125616922E+003  0.00000000000E+000  2.19125616922E+003  2.03420042189E+003 -4.45722964811E+001 -4.12191581938E+000
481 49 3 1085   1.52440000000E+004  2.17127316980E+003  0.00000000000E+000  2.17127316980E+003  2.00870098689E+003 -4.19223040672E+001 -3.23297699190E+000
481 49 3 1084   1.50380000000E+004  2.15229011449E+003  0.00000000000E+000  2.15229011449E+003  1.99429271113E+003 -4.14362930875E+001 -3.31029761728E+000
481 49 3 1083   1.48320000000E+004  2.13021690904E+003  0.00000000000E+000  2.13021690904E+003  1.97911696881E+003 -4.13037782066E+001 -4.13637652395E+000
481 49 3 1082   1.46260000000E+004  2.10499758995E+003  0.00000000000E+000  2.10499758995E+003  1.95614978076E+003 -4.09508819519E+001 -4.44541445457E+000
481 49 3 1081   1.44200000000E+004  2.07943040113E+003  0.00000000000E+000  2.07943040113E+003  1.93144986535E+003 -4.00259550402E+001 -4.09834803097E+000
481 49 3 1080   1.42140000000E+004  2.05500672846E+003  0.00000000000E+000  2.05500672846E+003  1.90395966636E+003 -3.82105536799E+001 -3.45831961658E+000
481 49 3 1079   1.40080000000E+004  2.03328601852E+003  0.00000000000E+000  2.03328601852E+003  1.87971308060E+003 -3.64252488814E+001 -2.56286491338E+000
481 49 3 1078   1.38020000000E+004  2.01428637217E+003  0.00000000000E+000  2.01428637217E+003  1.86509987417E+003 -3.60538639856E+001 -2.24151908837E+000
481 49 3 1077   1.35960000000E+004  1.99377836564E+003  0.00000000000E+000  1.99377836564E+003  1.85784631518E+003 -3.67282777348E+001 -3.02262815568E+000
481 49 3 1076   1.33900000000E+004  1.96659625741E+003  0.00000000000E+000  1.96659625741E+003  1.84508206054E+003 -3.79634158151E+001 -4.65531540765E+000
481 49 3 1075   1.31840000000E+004  1.93047639090E+003  0.00000000000E+000  1.93047639090E+003  1.81836094557E+003 -3.79162052025E+001 -6.13044727983E+000
481 49 3 1074   1.29780000000E+004  1.89049373803E+003  0.00000000000E+000  1.89049373803E+003  1.77824400251E+003 -3.65299184539E+001 -5.74565460023E+000
481 49 3 1073   1.27720000000E+004  1.85563311317E+003  0.00000000000E+000  1.85563311317E+003  1.73410733505E+003 -3.18038746728E+001 -3.42817480445E+000
481 49 3 1072   1.25660000000E+004  1.82916171184E+003  0.00000000000E+000  1.82916171184E+003  1.69465411467E+003 -2.64806132340E+001 -1.61625330697E+000
481 49 3 1071   1.23600000000E+004  1.80793252762E+003  0.00000000000E+000  1.80793252762E+003  1.67251382981E+003 -2.33102892517E+001 -9.40388139783E-001
481 49 3 1070   1.21540000000E+004  1.78594432147E+003  0.00000000000E+000  1.78594432147E+003  1.65827298376E+003 -2.14771006502E+001 -1.02361011860E+000
481 49 3 1069   1.19480000000E+004  1.76115386871E+003  0.00000000000E+000  1.76115386871E+003  1.63579999162E+003 -1.91003229763E+001 -8.44186299686E-001
481 49 3 1068   1.17420000000E+004  1.73851450573E+003  0.00000000000E+000  1.73851450573E+003  1.61082579311E+003 -1.59555554768E+001 -4.97843881648E-002
481 49 3 1067   1.15360000000E+004  1.71809570555E+003  0.00000000000E+000  1.71809570555E+003  1.59230777552E+003 -1.27673483558E+001  3.17588614153E-001
481 49 3 1066   1.13300000000E+004  1.69956097343E+003  0.00000000000E+000  1.69956097343E+003  1.58261892404E+003 -1.04214601063E+001  6.97820483035E-001
481 49 3 1065   1.11240000000E+004  1.67684734857E+003  0.00000000000E+000  1.67684734857E+003  1.58346927666E+003 -7.76188287209E+000  6.32723883630E-001
481 49 3 1064   1.09180000000E+004  1.65491071752E+003  0.00000000000E+000  1.65491071752E+003  1.58766304985E+003 -6.27656557610E+000  6.46616281054E-001
481 49 3 1063   1.07120000000E+004  1.59742991559E+003  0.00000000000E+000  1.54831529775E+003  1.58742991559E+003 -1.48085203735E-001  1.96422762664E-001
481 49 3 1062   1.05060000000E+004  1.58641909908E+003  0.00000000000E+000  2.52894274060E+002  1.57641909908E+003  2.51463420405E-002 -8.21955240624E-002
481 49 3 1061   1.03000000000E+004  1.57100000000E+003  0.00000000000E+000  5.14275281266E+002  1.56100000000E+003  7.24019388273E-003  1.40516338086E-001
481 49 3 1060   1.00940000000E+004  1.56387113566E+003  0.00000000000E+000  3.43946630342E+002  1.55387113566E+003 -7.12371087786E-002 -4.83708910565E-001
481 49 3 1059   9.88800000000E+003  1.56415253100E+003  0.00000000000E+000  3.97065784375E+002  1.55415253100E+003  3.38939698935E-001  1.80254820108E+000
481 49 3 1058   9.68200000000E+003  1.56649141407E+003  0.00000000000E+000 -4.52589669724E+002  1.55649141407E+003 -2.22955533773E+000 -6.78886703680E+000
481 49 3 1057   9.47600000000E+003  1.57602423235E+003  0.00000000000E+000 -4.47414246610E+002  1.56602423235E+003 -2.90960385942E+002  1.31470539316E+001
481 49 3 1056   9.27000000000E+003  1.58388697171E+003  0.00000000000E+000 -4.39351254060E+002  1.57388697171E+003 -2.21744117641E+001  2.57895451003E+000
481 49 3 1055   9.06400000000E+003  1.58283319639E+003  0.00000000000E+000 -5.90091180694E+002  1.57283319639E+003  4.75222321081E+001  1.88237734286E+001
481 49 3 1054   8.85800000000E+003  1.57045788372E+003  0.00000000000E+000 -6.15269547713E+002  1.56045788372E+003  2.38511460087E+003  2.64189667352E+002
481 49 3 1053   8.65200000000E+003  1.54902845770E+003  0.00000000000E+000 -6.44205659987E+002  1.53902845770E+003  8.99654307766E+003  1.36887317783E+003
481 49 3 1052   8.44600000000E+003  1.51944845544E+003  0.00000000000E+000 -6.75698783014E+002  1.50944845544E+003  1.67175930654E+004  2.52772856021E+003
481 49 3 1051   8.24000000000E+003  1.48881811162E+003  0.00000000000E+000 -7.03212643203E+002  1.47881811162E+003  7.69603417634E+003  6.17492548710E+002
481 49 3 1050   8.03400000000E+003  1.47087334073E+003  0.00000000000E+000 -7.14541152999E+002  1.46087334073E+003  9.43074288781E+002 -8.06667728480E+001
481 49 3 1049   7.82800000000E+003  1.46162991494E+003  0.00000000000E+000 -6.89876083430E+002  1.45162991494E+003  3.81349448825E+001  1.41992786841E+001
481 49 3 1048   7.62200000000E+003  1.46068117127E+003  0.00000000000E+000 -7.57111152496E+002  1.45068117127E+003 -1.96339408973E+001 -5.57659774407E+000
481 49 3 1047   7.41600000000E+003  1.46564412741E+003  0.00000000000E+000 -7.59020145590E+002  1.45564412741E+003 -5.51499219060E+001  2.88659178886E+000
481 49 3 1046   7.21000000000E+003  1.46888795069E+003  0.00000000000E+000 -7.43395901994E+002  1.45888795069E+003  3.92858447189E+000  6.94845949232E-001
481 49 3 1045   7.00400000000E+003  1.46607125842E+003  0.00000000000E+000 -8.09410605967E+002  1.45607125842E+003  1.04771183128E+000 -2.46188150506E-001
481 49 3 1044   6.79800000000E+003  1.46602876818E+003  0.00000000000E+000 -7.50210490176E+002  1.45602876818E+003 -1.22341237372E-001  3.92666374585E-002
481 49 3 1043   6.59200000000E+003  1.46582629221E+003  0.00000000000E+000 -8.87095104967E+002  1.45582629221E+003 -1.19329553314E-004 -7.40126977633E-003
481 49 3 1042   6.38600000000E+003  1.45166666898E+003  0.00000000000E+000 -1.09587753289E+003  1.44166666898E+003 -7.94805776648E-004  1.88879259369E-003
481 49 3 1041   6.18000000000E+003  1.42753500360E+003  0.00000000000E+000 -1.13628450176E+003  1.41753500360E+003 -7.37214548161E-004 -6.07234085960E-004
481 49 3 1040   5.97400000000E+003  1.40756660194E+003  0.00000000000E+000 -1.17876266886E+003  1.39756660194E+003 -2.50155936508E-004  1.42518844738E-004
481 49 3 1039   5.76800000000E+003  1.39343658842E+003  0.00000000000E+000 -1.09926713994E+003  1.38343658842E+003 -2.91190741898E-005 -3.58032157112E-005
481 49 3 1038   5.56200000000E+003  1.39173173037E+003  0.00000000000E+000 -1.33752576931E+003  1.38173173037E+003  6.74030044246E-006  1.05205122760E-005
481 49 3 1037   5.35600000000E+003  1.39703934034E+003  0.00000000000E+000 -1.44341530226E+003  1.38703934034E+003  1.43884724719E-005 -3.22151828993E-006
481 49 3 1036   5.15000000000E+003  1.40331456651E+003  0.00000000000E+000 -1.43758786059E+003  1.39331456651E+003  1.30527127579E-006  7.54631350210E-008
481 49 3 1035   4.94400000000E+003  1.39935836143E+003  0.00000000000E+000 -1.62511965226E+003  1.38935836143E+003 -1.07510175317E-005 -7.38997559869E-007
481 49 3 1034   4.73800000000E+003  1.39304241220E+003  0.00000000000E+000 -1.76188645517E+003  1.38304241220E+003 -1.12343063783E-005  2.59399274755E-008
481 49 3 1033   4.53200000000E+003  1.38812960905E+003  0.00000000000E+000 -1.81276908510E+003  1.37812960905E+003 -1.29024752203E-005 -1.43642757978E-006
481 49 3 1032   4.32600000000E+003  1.38025148588E+003  0.00000000000E+000 -2.16428917430E+003  1.37025148588E+003 -5.22331160772E-005 -2.92188588617E-006
481 49 3 1031   4.12000000000E+003  1.37049316027E+003  0.00000000000E+000 -2.01867960138E+003  1.36049316027E+003 -2.95394509077E-005  3.53804391344E-007
481 49 3 1030   3.91400000000E+003  1.36516929848E+003  0.00000000000E+000 -2.15769182731E+003  1.35516929848E+003 -9.84964500738E-007  6.72460284943E-007
481 49 3 1029   3.70800000000E+003  1.36678905029E+003  0.00000000000E+000 -2.32990955391E+003  1.35678905029E+003  4.49275955970E-006  1.61731845020E-008
481 49 3 1028   3.50200000000E+003  1.37294963304E+003  0.00000000000E+000 -2.39941604586E+003  1.36294963304E+003  8.23753973172E-006 -2.55444857385E-007
481 49 3 1027   3.29600000000E+003  1.37597063378E+003  0.00000000000E+000 -2.55175424453E+003  1.36597063378E+003 -6.31781234636E-007 -4.37666705866E-007
481 49 3 1026   3.09000000000E+003  1.37174864902E+003  0.00000000000E+000 -2.79887946604E+003  1.36174864902E+003 -1.06592530953E-005 -5.24946496257E-007
481 49 3 1025   2.88400000000E+003  1.36549122854E+003  0.00000000000E+000 -3.02013994681E+003  1.35549122854E+003 -1.22808943512E-005 -2.97491771266E-007
481 49 3 1024   2.67800000000E+003  1.36041038375E+003  0.00000000000E+000 -3.11917244751E+003  1.35041038375E+003 -7.83008720444E-006  1.75133720344E-007
481 49 3 1023   2.47200000000E+003  1.35579189133E+003  0.00000000000E+000 -2.59312173117E+003  1.34579189133E+003 -1.97153977830E-006 -2.67906442425E-007
481 49 3 1022   2.26600000000E+003  1.35911078185E+003  0.00000000000E+000 -2.61299122829E+003  1.34911078185E+003  2.00166860718E-005  3.44483959599E-006
481 49 3 1021   2.06000000000E+003  1.37043703354E+003  0.00000000000E+000 -3.26684381865E+003  1.36043703354E+003  1.36157727925E-004 -7.76707654864E-006
481 49 3 1020   1.85400000000E+003  1.38268372974E+003  0.00000000000E+000 -3.71626889871E+003  1.37268372974E+003  2.76181773533E-005 -5.33941616814E-006
481 49 3 1019   1.64800000000E+003  1.38641951997E+003  0.00000000000E+000 -3.89144359133E+003  1.37641951997E+003  7.51570116593E-007  9.56318191929E-007
481 49 3 1018   1.44200000000E+003  1.38784577601E+003  0.00000000000E+000 -3.60425124475E+003  1.37784577601E+003 -1.45662794279E-006 -2.22375474946E-006
481 49 3 1017   1.23600000000E+003  1.37756325505E+003  0.00000000000E+000 -3.88681558490E+003  1.36756325505E+003 -1.39932596485E-004 -1.53246597388E-005
481 49 3 1016   1.03000000000E+003  1.36246425691E+003  0.00000000000E+000 -4.39332989562E+003  1.35246425691E+003 -2.64522795733E-004 -2.11894647281E-005
481 49 3 1015   8.24000000000E+002  1.34647892576E+003  0.00000000000E+000 -4.94820895677E+003  1.33647892576E+003 -1.55881207654E-004 -3.94275046636E-006
481 49 3 1014   6.18000000000E+002  1.33575492257E+003  0.00000000000E+000 -5.30087503004E+003  1.32575492257E+003 -4.01423680035E-005  2.33495436006E-007
481 49 3 1013   4.12000000000E+002  1.32768551137E+003  0.00000000000E+000 -4.92269725316E+003  1.31768551137E+003 -3.98072422507E-005 -7.21296842847E-007
481 49 3 1012   2.06000000000E+002  1.32008372858E+003  0.00000000000E+000 -4.95159078417E+003  1.31008372858E+003  3.32722671647E-006  2.13896080335E-007
481 49 3 1011   0.00000000000E+000  1.32000000000E+003  0.00000000000E+000 -4.89330749393E+003  1.31000000000E+003 -5.79180254821E-005 -4.02212342737E-006
471 48 3 1111   2.06000000000E+004  2.94559143180E+003  0.00000000000E+000  2.94559143180E+003  2.90100000000E+003 -5.03227792870E+000 -4.01382677367E+000
471 48 3 1110   2.03940000000E+004  2.87906069438E+003  0.00000000000E+000  2.87906069438E+003  2.81354316460E+003 -1.25114237177E+001 -6.18016500403E+000
471 48 3 1109   2.01880000000E+004  2.83224979532E+003  0.00000000000E+000  2.83224979532E+003  2.74039356591E+003 -1.54580428275E+001 -4.89508349904E+000
471 48 3 1108   1.99820000000E+004  2.80329866648E+003  0.00000000000E+000  2.80329866648E+003  2.68940216730E+003 -1.76808090583E+001 -4.27845857908E+000
471 48 3 1107   1.97760000000E+004  2.77967213349E+003  0.00000000000E+000  2.77967213349E+003  2.65794106129E+003 -2.11545016395E+001 -4.50890788726E+000
471 48 3 1106   1.95700000000E+004  2.75445375898E+003  0.00000000000E+000  2.75445375898E+003  2.63588479810E+003 -2.61161593022E+001 -5.45431019649E+000
471 48 3 1105   1.93640000000E+004  2.72496808140E+003  0.00000000000E+000  2.72496808140E+003  2.61191374976E+003 -3.18283170612E+001 -6.80310744965E+000
471 48 3 1104   1.91580000000E+004  2.69068650768E+003  0.00000000000E+000  2.69068650768E+003  2.58115830190E+003 -3.67305061159E+001 -8.32483499215E+000
471 48 3 1103   1.89520000000E+004  2.65227519058E+003  0.00000000000E+000  2.65227519058E+003  2.53741751171E+003 -3.82594125841E+001 -8.97341937146E+000
471 48 3 1102   1.87460000000E+004  2.61464323436E+003  0.00000000000E+000  2.61464323436E+003  2.48887979626E+003 -3.83237116916E+001 -7.97409480987E+000
471 48 3 1101   1.85400000000E+004  2.58431560962E+003  0.00000000000E+000  2.58431560962E+003  2.44429072288E+003 -3.77092991751E+001 -6.15747432171E+000
471 48 3 1100   1.83340000000E+004  2.56035165084E+003  0.00000000000E+000  2.56035165084E+003  2.40820662944E+003 -3.68366764423E+001 -5.19111972907E+000
471 48 3 1099   1.81280000000E+004  2.53870838293E+003  0.00000000000E+000  2.53870838293E+003  2.37566406926E+003 -3.61441145777E+001 -4.82594561991E+000
471 48 3 1098   1.79220000000E+004  2.51810726529E+003  0.00000000000E+000  2.51810726529E+003  2.34417024608E+003 -3.52789763463E+001 -4.40865916987E+000
471 48 3 1097   1.77160000000E+004  2.49982429428E+003  0.00000000000E+000  2.49982429428E+003  2.31009305800E+003 -3.41107572873E+001 -3.48606899660E+000
471 48 3 1096   1.75100000000E+004  2.48560124100E+003  0.00000000000E+000  2.48560124100E+003  2.28338769034E+003 -3.34990455659E+001 -2.66340850009E+000
471 48 3 1095   1.73040000000E+004  2.47439651796E+003  0.00000000000E+000  2.47439651796E+003  2.26414370091E+003 -3.36501929929E+001 -2.32536245506E+000
471 48 3 1094   1.70980000000E+004  2.46315371686E+003  0.00000000000E+000  2.46315371686E+003  2.26410138132E+003 -3.57493628229E+001 -2.61040305346E+000
471 48 3 1093   1.68920000000E+004  2.44821786788E+003  0.00000000000E+000  2.44821786788E+003  2.27344982362E+003 -4.11925520022E+001 -3.93293014514E+000
471 48 3 1092   1.66860000000E+004  2.42687181109E+003  0.00000000000E+000  2.42687181109E+003  2.28124362777E+003 -4.94261042329E+001 -6.23481644335E+000
471 48 3 1091   1.64800000000E+004  2.39690245959E+003  0.00000000000E+000  2.39690245959E+003  2.27549700584E+003 -5.90379087153E+001 -1.00610064836E+001
471 48 3 1090   1.62740000000E+004  2.35569672910E+003  0.00000000000E+000  2.35569672910E+003  2.24766023696E+003 -6.47381163210E+001 -1.47224106653E+001
471 48 3 1089   1.60680000000E+004  2.30223269941E+003  0.00000000000E+000  2.30223269941E+003  2.19553145884E+003 -6.43506901690E+001 -1.75278710271E+001
471 48 3 1088   1.58620000000E+004  2.25058105157E+003  0.00000000000E+000  2.25058105157E+003  2.12952328328E+003 -5.98433884944E+001 -1.28385587318E+001
471 48 3 1087   1.56560000000E+004  2.21520442731E+003  0.00000000000E+000  2.21520442731E+003  2.07391872494E+003 -5.08406592393E+001 -6.01412098996E+000
471 48 3 1086   1.54500000000E+004  2.19125618531E+003  0.00000000000E+000  2.19125618531E+003  2.03420042189E+003 -4.45722924677E+001 -4.12191478217E+000
471 48 3 1085   1.52440000000E+004  2.17127318888E+003  0.00000000000E+000  2.17127318888E+003  2.00870098689E+003 -4.19222992958E+001 -3.23297603433E+000
471 48 3 1084   1.50380000000E+004  2.15229013650E+003  0.00000000000E+000  2.15229013650E+003  1.99429271113E+003 -4.14362873424E+001 -3.31029650617E+000
471 48 3 1083   1.48320000000E+004  2.13021693515E+003  0.00000000000E+000  2.13021693515E+003  1.97911696881E+003 -4.13037718960E+001 -4.13637483372E+000
471 48 3 1082   1.46260000000E+004  2.10499762341E+003  0.00000000000E+000  2.10499762341E+003  1.95614978076E+003 -4.09508743132E+001 -4.44541177510E+000
471 48 3 1081   1.44200000000E+004  2.07943044560E+003  0.00000000000E+000  2.07943044560E+003  1.93144986535E+003 -4.00259451230E+001 -4.09834457027E+000
471 48 3 1080   1.42140000000E+004  2.05500678642E+003  0.00000000000E+000  2.05500678642E+003  1.90395966636E+003 -3.82105414066E+001 -3.45831582141E+000
471 48 3 1079   1.40080000000E+004  2.03328608993E+003  0.00000000000E+000  2.03328608993E+003  1.87971308060E+003 -3.64252336037E+001 -2.56286131748E+000
471 48 3 1078   1.38020000000E+004  2.01428645804E+003  0.00000000000E+000  2.01428645804E+003  1.86509987417E+003 -3.60538457053E+001 -2.24151490264E+000
471 48 3 1077   1.35960000000E+004  1.99377847035E+003  0.00000000000E+000  1.99377847035E+003  1.85784631518E+003 -3.67282515336E+001 -3.02262141041E+000
471 48 3 1076   1.33900000000E+004  1.96659639826E+003  0.00000000000E+000  1.96659639826E+003  1.84508206054E+003 -3.79633700652E+001 -4.65530060563E+000
471 48 3 1075   1.31840000000E+004  1.93047657559E+003  0.00000000000E+000  1.93047657559E+003  1.81836094557E+003 -3.79161479393E+001 -6.13042565249E+000
471 48 3 1074   1.29780000000E+004  1.89049407052E+003  0.00000000000E+000  1.89049407052E+003  1.77824400251E+003 -3.65298414098E+001 -5.74560467180E+000
471 48 3 1073   1.27720000000E+004  1.85563362694E+003  0.00000000000E+000  1.85563362694E+003  1.73410733505E+003 -3.18037496921E+001 -3.42812966397E+000
471 48 3 1072   1.25660000000E+004  1.82916248929E+003  0.00000000000E+000  1.82916248929E+003  1.69465411467E+003 -2.64805030996E+001 -1.61620571146E+000
471 48 3 1071   1.23600000000E+004  1.80793343220E+003  0.00000000000E+000  1.80793343220E+003  1.67251382981E+003 -2.33101324276E+001 -9.40367581881E-001
471 48 3 1070   1.21540000000E+004  1.78594565504E+003  0.00000000000E+000  1.78594565504E+003  1.65827298376E+003 -2.14769703098E+001 -1.02353842729E+000
471 48 3 1069   1.19480000000E+004  1.76115529423E+003  0.00000000000E+000  1.76115529423E+003  1.63579999162E+003 -1.91000729318E+001 -8.44161084626E-001
471 48 3 1068   1.17420000000E+004  1.73851704400E+003  0.00000000000E+000  1.73851704400E+003  1.61082579311E+003 -1.59554532825E+001 -4.96656548694E-002
471 48 3 1067   1.15360000000E+004  1.71809784636E+003  0.00000000000E+000  1.71809784636E+003  1.59230777552E+003 -1.27669840971E+001  3.17568208106E-001
471 48 3 1066   1.13300000000E+004  1.69956582770E+003  0.00000000000E+000  1.69956582770E+003  1.58261892404E+003 -1.04215168427E+001  6.97962111130E-001
471 48 3 1065   1.11240000000E+004  1.67684970423E+003  0.00000000000E+000  1.67684970423E+003  1.58346927666E+003 -7.76134837235E+000  6.32571402482E-001
471 48 3 1064   1.09180000000E+004  1.65492573609E+003  0.00000000000E+000  1.65492573609E+003  1.58766304985E+003 -6.27778433171E+000  6.46485242087E-001
471 48 3 1063   1.07120000000E+004  1.59742991559E+003  0.00000000000E+000  1.54808142097E+003  1.58742991559E+003 -1.48733932464E-001  1.96703199896E-001
471 48 3 1062   1.05060000000E+004  1.58641909908E+003  0.00000000000E+000  2.95589914618E+002  1.57641909908E+003  2.45452575830E-002 -8.30166646753E-002
471 48 3 1061   1.03000000000E+004  1.57100000000E+003  0.00000000000E+000  5.45669490554E+002  1.56100000000E+003 -1.80810742977E-002  1.39488614925E-001
471 48 3 1060   1.00940000000E+004  1.56387113566E+003  0.00000000000E+000  3.79830362446E+002  1.55387113566E+003 -5.77408635836E-002 -4.82742928898E-001
471 48 3 1059   9.88800000000E+003  1.56415253100E+003  0.00000000000E+000  4.24688994221E+002  1.55415253100E+003  3.35175417791E-001  1.80148406861E+000
471 48 3 1058   9.68200000000E+003  1.56649141407E+003  0.00000000000E+000 -4.24707008592E+002  1.55649141407E+003 -2.23137706882E+000 -6.78656067124E+000
471 48 3 1057   9.47600000000E+003  1.57602423235E+003  0.00000000000E+000 -4.19800227222E+002  1.56602423235E+003 -2.90868080988E+002  1.31432657205E+001
471 48 3 1056   9.27000000000E+003  1.58388697171E+003  0.00000000000E+000 -4.09475302118E+002  1.57388697171E+003 -2.21558384251E+001  2.57665250098E+000
471 48 3 1055   9.06400000000E+003  1.58283319639E+003  0.00000000000E+000 -5.31979925083E+002  1.57283319639E+003  4.75172021564E+001  1.88239403205E+001
471 48 3 1054   8.85800000000E+003  1.57045788372E+003  0.00000000000E+000 -5.57216355530E+002  1.56045788372E+003  2.38511836038E+003  2.64189820780E+002
471 48 3 1053   8.65200000000E+003  1.54902845770E+003  0.00000000000E+000 -5.86150232404E+002  1.53902845770E+003  8.99654053512E+003  1.36887296274E+003
471 48 3 1052   8.44600000000E+003  1.51944845544E+003  0.00000000000E+000 -6.17643448527E+002  1.50944845544E+003  1.67175947502E+004  2.52772876311E+003
471 48 3 1051   8.24000000000E+003  1.48881811162E+003  0.00000000000E+000 -6.45157294286E+002  1.47881811162E+003  7.69603361437E+003  6.17492472979E+002
471 48 3 1050   8.03400000000E+003  1.47087334073E+003  0.00000000000E+000 -6.56485776530E+002  1.46087334073E+003  9.43074342211E+002 -8.06667517312E+001
471 48 3 1049   7.82800000000E+003  1.46162991494E+003  0.00000000000E+000 -6.31820473083E+002  1.45162991494E+003  3.81349373613E+001  1.41992724096E+001
471 48 3 1048   7.62200000000E+003  1.46068117127E+003  0.00000000000E+000 -6.99051053968E+002  1.45068117127E+003 -1.96339375712E+001 -5.57659595052E+000
471 48 3 1047   7.41600000000E+003  1.46564412741E+003  0.00000000000E+000 -7.00926865228E+002  1.45564412741E+003 -5.51499221847E+001  2.88659123265E+000
471 48 3 1046   7.21000000000E+003  1.46888795069E+003  0.00000000000E+000 -6.85599796033E+002  1.45888795069E+003  3.92858454873E+000  6.94846102917E-001
471 48 3 1045   7.00400000000E+003  1.46607125842E+003  0.00000000000E+000 -7.53811906737E+002  1.45607125842E+003  1.04771176859E+000 -2.46188192457E-001
471 48 3 1044   6.79800000000E+003  1.46602876818E+003  0.00000000000E+000 -6.95455718213E+002  1.45602876818E+003 -1.22341199728E-001  3.92666504273E-002
471 48 3 1043   6.59200000000E+003  1.46582629221E+003  0.00000000000E+000 -8.30138804913E+002  1.45582629221E+003 -1.19329702875E-004 -7.40127425201E-003
471 48 3 1042   6.38600000000E+003  1.45166666898E+003  0.00000000000E+000 -1.03364304850E+003  1.44166666898E+003 -7.94805921764E-004  1.88879377174E-003
471 48 3 1041   6.18000000000E+003  1.42753500360E+003  0.00000000000E+000 -1.07401816737E+003  1.41753500360E+003 -7.37214587623E-004 -6.07234407797E-004
471 48 3 1040   5.97400000000E+003  1.40756660194E+003  0.00000000000E+000 -1.11551137919E+003  1.39756660194E+003 -2.50155912407E-004  1.42518932542E-004
471 48 3 1039   5.76800000000E+003  1.39343658842E+003  0.00000000000E+000 -1.03829700896E+003  1.38343658842E+003 -2.91190791473E-005 -3.58032395503E-005
471 48 3 1038   5.56200000000E+003  1.39173173037E+003  0.00000000000E+000 -1.27110674496E+003  1.38173173037E+003  6.74030088201E-006  1.05205187163E-005
471 48 3 1037   5.35600000000E+003  1.39703934034E+003  0.00000000000E+000 -1.37482863971E+003  1.38703934034E+003  1.43884722504E-005 -3.22152001337E-006
471 48 3 1036   5.15000000000E+003  1.40331456651E+003  0.00000000000E+000 -1.36944639335E+003  1.39331456651E+003  1.30527128757E-006  7.54636011164E-008
471 48 3 1035   4.94400000000E+003  1.39935836143E+003  0.00000000000E+000 -1.55299164510E+003  1.38935836143E+003 -1.07510174931E-005 -7.38997685035E-007
471 48 3 1034   4.73800000000E+003  1.39304241220E+003  0.00000000000E+000 -1.68697965074E+003  1.38304241220E+003 -1.12343064099E-005  2.59399591687E-008
471 48 3 1033   4.53200000000E+003  1.38812960905E+003  0.00000000000E+000 -1.73702434945E+003  1.37812960905E+003 -1.29024752344E-005 -1.43642758786E-006
471 48 3 1032   4.32600000000E+003  1.38025148588E+003  0.00000000000E+000 -2.08085250718E+003  1.37025148588E+003 -5.22331160677E-005 -2.92188588329E-006
471 48 3 1031   4.12000000000E+003  1.37049316027E+003  0.00000000000E+000 -1.93892483419E+003  1.36049316027E+003 -2.95394509101E-005  3.53804390307E-007
471 48 3 1030   3.91400000000E+003  1.36516929848E+003  0.00000000000E+000 -2.07503275978E+003  1.35516929848E+003 -9.84964500632E-007  6.72460285278E-007
471 48 3 1029   3.70800000000E+003  1.36678905029E+003  0.00000000000E+000 -2.24364773374E+003  1.35678905029E+003  4.49275955962E-006  1.61731844102E-008
471 48 3 1028   3.50200000000E+003  1.37294963304E+003  0.00000000000E+000 -2.31190450067E+003  1.36294963304E+003  8.23753973176E-006 -2.55444857358E-007
471 48 3 1027   3.29600000000E+003  1.37597063378E+003  0.00000000000E+000 -2.46118646343E+003  1.36597063378E+003 -6.31781234643E-007 -4.37666705875E-007
471 48 3 1026   3.09000000000E+003  1.37174864902E+003  0.00000000000E+000 -2.70317469203E+003  1.36174864902E+003 -1.06592530953E-005 -5.24946496254E-007
471 48 3 1025   2.88400000000E+003  1.36549122854E+003  0.00000000000E+000 -2.91987057411E+003  1.35549122854E+003 -1.22808943511E-005 -2.97491771267E-007
471 48 3 1024   2.67800000000E+003  1.36041038375E+003  0.00000000000E+000 -3.01709068489E+003  1.35041038375E+003 -7.83008720444E-006  1.75133720345E-007
471 48 3 1023   2.47200000000E+003  1.35579189133E+003  0.00000000000E+000 -2.50309100002E+003  1.34579189133E+003 -1.97153977830E-006 -2.67906442425E-007
471 48 3 1022   2.26600000000E+003  1.35911078185E+003  0.00000000000E+000 -2.52276076330E+003  1.34911078185E+003  2.00166860718E-005  3.44483959599E-006
471 48 3 1021   2.06000000000E+003  1.37043703354E+003  0.00000000000E+000 -3.16250956018E+003  1.36043703354E+003  1.36157727925E-004 -7.76707654864E-006
471 48 3 1020   1.85400000000E+003  1.38268372974E+003  0.00000000000E+000 -3.60258821380E+003  1.37268372974E+003  2.76181773533E-005 -5.33941616814E-006
471 48 3 1019   1.64800000000E+003  1.38641951997E+003  0.00000000000E+000 -3.77462661892E+003  1.37641951997E+003  7.51570116593E-007  9.56318191929E-007
471 48 3 1018   1.44200000000E+003  1.38784577601E+003  0.00000000000E+000 -3.49440439410E+003  1.37784577601E+003 -1.45662794279E-006 -2.22375474946E-006
471 48 3 1017   1.23600000000E+003  1.37756325505E+003  0.00000000000E+000 -3.77169723239E+003  1.36756325505E+003 -1.39932596485E-004 -1.53246597388E-005
471 48 3 1016   1.03000000000E+003  1.36246425691E+003  0.00000000000E+000 -4.26808417794E+003  1.35246425691E+003 -2.64522795733E-004 -2.11894647281E-005
471 48 3 1015   8.24000000000E+002  1.34647892576E+003  0.00000000000E+000 -4.81389604160E+003  1.33647892576E+003 -1.55881207654E-004 -3.94275046636E-006
471 48 3 1014   6.18000000000E+002  1.33575492257E+003  0.00000000000E+000 -5.16437226026E+003  1.32575492257E+003 -4.01423680035E-005  2.33495436007E-007
471 48 3 1013   4.12000000000E+002  1.32768551137E+003  0.00000000000E+000 -4.79325244179E+003  1.31768551137E+003 -3.98072422507E-005 -7.21296842848E-007
471 48 3 1012   2.06000000000E+002  1.32008372858E+003  0.00000000000E+000 -4.82124816158E+003  1.31008372858E+003  3.32722671647E-006  2.13896080335E-007
471 48 3 1011   0.00000000000E+000  1.32000000000E+003  0.00000000000E+000 -4.76432633180E+003  1.31000000000E+003 -5.79180254821E-005 -4.02212342737E-006
491 50 3 1111   2.06000000000E+004  2.94559143180E+003  0.00000000000E+000  2.94559143180E+003  2.90100000000E+003 -5.03227792915E+000 -4.01382677401E+000
491 50 3 1110   2.03940000000E+004  2.87906069437E+003  0.00000000000E+000  2.87906069437E+003  2.81354316460E+003 -1.25114237192E+001 -6.18016500497E+000
491 50 3 1109   2.01880000000E+004  2.83224979531E+003  0.00000000000E+000  2.83224979531E+003  2.74039356591E+003 -1.54580428309E+001 -4.89508350069E+000
491 50 3 1108   1.99820000000E+004  2.80329866645E+003  0.00000000000E+000  2.80329866645E+003  2.68940216730E+003 -1.76808090633E+001 -4.27845858073E+000
491 50 3 1107   1.97760000000E+004  2.77967213344E+003  0.00000000000E+000  2.77967213344E+003  2.65794106129E+003 -2.11545016472E+001 -4.50890788953E+000
491 50 3 1106   1.95700000000E+004  2.75445375892E+003  0.00000000000E+000  2.75445375892E+003  2.63588479810E+003 -2.61161593162E+001 -5.45431020112E+000
491 50 3 1105   1.93640000000E+004  2.72496808131E+003  0.00000000000E+000  2.72496808131E+003  2.61191374976E+003 -3.18283170868E+001 -6.80310745931E+000
491 50 3 1104   1.91580000000E+004  2.69068650753E+003  0.00000000000E+000  2.69068650753E+003  2.58115830190E+003 -3.67305061676E+001 -8.32483501262E+000
491 50 3 1103   1.89520000000E+004  2.65227519035E+003  0.00000000000E+000  2.65227519035E+003  2.53741751171E+003 -3.82594126654E+001 -8.97341940205E+000
491 50 3 1102   1.87460000000E+004  2.61464323403E+003  0.00000000000E+000  2.61464323403E+003  2.48887979626E+003 -3.83237117818E+001 -7.97409484730E+000
491 50 3 1101   1.85400000000E+004  2.58431560914E+003  0.00000000000E+000  2.58431560914E+003  2.44429072288E+003 -3.77092992905E+001 -6.15747436629E+000
491 50 3 1100   1.83340000000E+004  2.56035165020E+003  0.00000000000E+000  2.56035165020E+003  2.40820662944E+003 -3.68366765827E+001 -5.19111976902E+000
491 50 3 1099   1.81280000000E+004  2.53870838213E+003  0.00000000000E+000  2.53870838213E+003  2.37566406926E+003 -3.61441147359E+001 -4.82594566298E+000
491 50 3 1098   1.79220000000E+004  2.51810726432E+003  0.00000000000E+000  2.51810726432E+003  2.34417024608E+003 -3.52789765209E+001 -4.40865921409E+000
491 50 3 1097   1.77160000000E+004  2.49982429312E+003  0.00000000000E+000  2.49982429312E+003  2.31009305800E+003 -3.41107574689E+001 -3.48606903875E+000
491 50 3 1096   1.75100000000E+004  2.48560123969E+003  0.00000000000E+000  2.48560123969E+003  2.28338769034E+003 -3.34990457543E+001 -2.66340852797E+000
491 50 3 1095   1.73040000000E+004  2.47439651649E+003  0.00000000000E+000  2.47439651649E+003  2.26414370091E+003 -3.36501931866E+001 -2.32536248855E+000
491 50 3 1094   1.70980000000E+004  2.46315371528E+003  0.00000000000E+000  2.46315371528E+003  2.26410138132E+003 -3.57493630774E+001 -2.61040308474E+000
491 50 3 1093   1.68920000000E+004  2.44821786600E+003  0.00000000000E+000  2.44821786600E+003  2.27344982362E+003 -4.11925523916E+001 -3.93293025602E+000
491 50 3 1092   1.66860000000E+004  2.42687180890E+003  0.00000000000E+000  2.42687180890E+003  2.28124362777E+003 -4.94261049634E+001 -6.23481661898E+000
491 50 3 1091   1.64800000000E+004  2.39690245643E+003  0.00000000000E+000  2.39690245643E+003  2.27549700584E+003 -5.90379101140E+001 -1.00610071036E+001
491 50 3 1090   1.62740000000E+004  2.35569672456E+003  0.00000000000E+000  2.35569672456E+003  2.24766023696E+003 -6.47381196852E+001 -1.47224119287E+001
491 50 3 1089   1.60680000000E+004  2.30223269212E+003  0.00000000000E+000  2.30223269212E+003  2.19553145884E+003 -6.43506939285E+001 -1.75278733611E+001
491 50 3 1088   1.58620000000E+004  2.25058103711E+003  0.00000000000E+000  2.25058103711E+003  2.12952328328E+003 -5.98433943565E+001 -1.28385627346E+001
491 50 3 1087   1.56560000000E+004  2.21520440353E+003  0.00000000000E+000  2.21520440353E+003  2.07391872494E+003 -5.08406669317E+001 -6.01412418673E+000
491 50 3 1086   1.54500000000E+004  2.19125615403E+003  0.00000000000E+000  2.19125615403E+003  2.03420042189E+003 -4.45723004245E+001 -4.12191685054E+000
491 50 3 1085   1.52440000000E+004  2.17127315185E+003  0.00000000000E+000  2.17127315185E+003  2.00870098689E+003 -4.19223088121E+001 -3.23297795358E+000
491 50 3 1084   1.50380000000E+004  2.15229009383E+003  0.00000000000E+000  2.15229009383E+003  1.99429271113E+003 -4.14362988279E+001 -3.31029873102E+000
491 50 3 1083   1.48320000000E+004  2.13021688457E+003  0.00000000000E+000  2.13021688457E+003  1.97911696881E+003 -4.13037845192E+001 -4.13637820981E+000
491 50 3 1082   1.46260000000E+004  2.10499755851E+003  0.00000000000E+000  2.10499755851E+003  1.95614978076E+003 -4.09508896121E+001 -4.44541712399E+000
491 50 3 1081   1.44200000000E+004  2.07943035913E+003  0.00000000000E+000  2.07943035913E+003  1.93144986535E+003 -4.00259650245E+001 -4.09835153026E+000
491 50 3 1080   1.42140000000E+004  2.05500667366E+003  0.00000000000E+000  2.05500667366E+003  1.90395966636E+003 -3.82105661726E+001 -3.45832345615E+000
491 50 3 1079   1.40080000000E+004  2.03328595098E+003  0.00000000000E+000  2.03328595098E+003  1.87971308060E+003 -3.64252646260E+001 -2.56286864922E+000
491 50 3 1078   1.38020000000E+004  2.01428629121E+003  0.00000000000E+000  2.01428629121E+003  1.86509987417E+003 -3.60538829969E+001 -2.24152338127E+000
491 50 3 1077   1.35960000000E+004  1.99377826645E+003  0.00000000000E+000  1.99377826645E+003  1.85784631518E+003 -3.67283048767E+001 -3.02263523694E+000
491 50 3 1076   1.33900000000E+004  1.96659612411E+003  0.00000000000E+000  1.96659612411E+003  1.84508206054E+003 -3.79634630969E+001 -4.65533034043E+000
491 50 3 1075   1.31840000000E+004  1.93047621575E+003  0.00000000000E+000  1.93047621575E+003  1.81836094557E+003 -3.79162637894E+001 -6.13046935656E+000
491 50 3 1074   1.29780000000E+004  1.89049342233E+003  0.00000000000E+000  1.89049342233E+003  1.77824400251E+003 -3.65299979972E+001 -5.74570459205E+000
491 50 3 1073   1.27720000000E+004  1.85563261751E+003  0.00000000000E+000  1.85563261751E+003  1.73410733505E+003 -3.18040027986E+001 -3.42822230380E+000
491 50 3 1072   1.25660000000E+004  1.82916096552E+003  0.00000000000E+000  1.82916096552E+003  1.69465411467E+003 -2.64807335357E+001 -1.61630297990E+000
491 50 3 1071   1.23600000000E+004  1.80793164769E+003  0.00000000000E+000  1.80793164769E+003  1.67251382981E+003 -2.33104580305E+001 -9.40414764000E-001
491 50 3 1070   1.21540000000E+004  1.78594304864E+003  0.00000000000E+000  1.78594304864E+003  1.65827298376E+003 -2.14772581329E+001 -1.02368707376E+000
491 50 3 1069   1.19480000000E+004  1.76115243981E+003  0.00000000000E+000  1.76115243981E+003  1.63579999162E+003 -1.91005986733E+001 -8.44223140044E-001
491 50 3 1068   1.17420000000E+004  1.73851207692E+003  0.00000000000E+000  1.73851207692E+003  1.61082579311E+003 -1.59557214819E+001 -4.99219762037E-002
491 50 3 1067   1.15360000000E+004  1.71809344527E+003  0.00000000000E+000  1.71809344527E+003  1.59230777552E+003 -1.27677738344E+001  3.17610117979E-001
491 50 3 1066   1.13300000000E+004  1.69955629007E+003  0.00000000000E+000  1.69955629007E+003  1.58261892404E+003 -1.04215051200E+001  6.97586349589E-001
491 50 3 1065   1.11240000000E+004  1.67684489136E+003  0.00000000000E+000  1.67684489136E+003  1.58346927666E+003 -7.76274101095E+000  6.32917558888E-001
491 50 3 1064   1.09180000000E+004  1.65489351480E+003  0.00000000000E+000  1.65489351480E+003  1.58766304985E+003 -6.27517109042E+000  6.46717078267E-001
491 50 3 1063   1.07120000000E+004  1.59742991559E+003  0.00000000000E+000  1.54855143254E+003  1.58742991559E+003 -1.47932071786E-001  1.96259200043E-001
491 50 3 1062   1.05060000000E+004  1.58641909908E+003  0.00000000000E+000  2.10434179762E+002  1.57641909908E+003  2.54681782997E-002 -8.21243658012E-002
491 50 3 1061   1.03000000000E+004  1.57100000000E+003  0.00000000000E+000  4.82845787324E+002  1.56100000000E+003  6.48299882040E-003  1.40373838802E-001
491 50 3 1060   1.00940000000E+004  1.56387113566E+003  0.00000000000E+000  3.08106865947E+002  1.55387113566E+003 -7.72470358897E-002 -4.84100696198E-001
491 50 3 1059   9.88800000000E+003  1.56415253100E+003  0.00000000000E+000  3.69764469886E+002  1.55415253100E+003  3.43328693166E-001  1.80416760757E+000
491 50 3 1058   9.68200000000E+003  1.56649141407E+003  0.00000000000E+000 -4.80126999059E+002  1.55649141407E+003 -2.22431189230E+000 -6.79443172911E+000
491 50 3 1057   9.47600000000E+003  1.57602423235E+003  0.00000000000E+000 -4.74662346576E+002  1.56602423235E+003 -2.91224357666E+002  1.31583584840E+001
491 50 3 1056   9.27000000000E+003  1.58388697171E+003  0.00000000000E+000 -4.68865397615E+002  1.57388697171E+003 -2.21659848617E+001  2.58397241844E+000
491 50 3 1055   9.06400000000E+003  1.58283319639E+003  0.00000000000E+000 -6.48215033666E+002  1.57283319639E+003  4.75166630606E+001  1.88218509492E+001
491 50 3 1054   8.85800000000E+003  1.57045788372E+003  0.00000000000E+000 -6.73334435361E+002  1.56045788372E+003  2.38510395573E+003  2.64189531592E+002
491 50 3 1053   8.65200000000E+003  1.54902845770E+003  0.00000000000E+000 -7.02272840218E+002  1.53902845770E+003  8.99655472558E+003  1.36887446285E+003
491 50 3 1052   8.44600000000E+003  1.51944845544E+003  0.00000000000E+000 -7.33765862046E+002  1.50944845544E+003  1.67175868051E+004  2.52772754563E+003
491 50 3 1051   8.24000000000E+003  1.48881811162E+003  0.00000000000E+000 -7.61279736345E+002  1.47881811162E+003  7.69603570672E+003  6.17492877950E+002
491 50 3 1050   8.03400000000E+003  1.47087334073E+003  0.00000000000E+000 -7.72608278694E+002  1.46087334073E+003  9.43074179821E+002 -8.06668640447E+001
491 50 3 1049   7.82800000000E+003  1.46162991494E+003  0.00000000000E+000 -7.47943427311E+002  1.45162991494E+003  3.81349720107E+001  1.41993050356E+001
491 50 3 1048   7.62200000000E+003  1.46068117127E+003  0.00000000000E+000 -8.15183036371E+002  1.45068117127E+003 -1.96339538639E+001 -5.57660519935E+000
491 50 3 1047   7.41600000000E+003  1.46564412741E+003  0.00000000000E+000 -8.17125468620E+002  1.45564412741E+003 -5.51499203906E+001  2.88659408179E+000
491 50 3 1046   7.21000000000E+003  1.46888795069E+003  0.00000000000E+000 -8.01201783655E+002  1.45888795069E+003  3.92858411529E+000  6.94845299074E-001
491 50 3 1045   7.00400000000E+003  1.46607125842E+003  0.00000000000E+000 -8.65007161932E+002  1.45607125842E+003  1.04771194561E+000 -2.46187971488E-001
491 50 3 1044   6.79800000000E+003  1.46602876818E+003  0.00000000000E+000 -8.04985208744E+002  1.45602876818E+003 -1.22341279836E-001  3.92665870558E-002
491 50 3 1043   6.59200000000E+003  1.46582629221E+003  0.00000000000E+000 -9.44024688769E+002  1.45582629221E+003 -1.19329576634E-004 -7.40125539439E-003
491 50 3 1042   6.38600000000E+003  1.45166666898E+003  0.00000000000E+000 -1.15812721046E+003  1.44166666898E+003 -7.94805265168E-004  1.88878880731E-003
491 50 3 1041   6.18000000000E+003  1.42753500360E+003  0.00000000000E+000 -1.19854197035E+003  1.41753500360E+003 -7.37214365925E-004 -6.07233044086E-004
491 50 3 1040   5.97400000000E+003  1.40756660194E+003  0.00000000000E+000 -1.24201906256E+003  1.39756660194E+003 -2.50156001850E-004  1.42518562054E-004
491 50 3 1039   5.76800000000E+003  1.39343658842E+003  0.00000000000E+000 -1.16023424889E+003  1.38343658842E+003 -2.91190469458E-005 -3.58031387291E-005
491 50 3 1038   5.56200000000E+003  1.39173173037E+003  0.00000000000E+000 -1.40394583386E+003  1.38173173037E+003  6.74029700165E-006  1.05204913219E-005
491 50 3 1037   5.35600000000E+003  1.39703934034E+003  0.00000000000E+000 -1.51200206888E+003  1.38703934034E+003  1.43884727989E-005 -3.22151262858E-006
491 50 3 1036   5.15000000000E+003  1.40331456651E+003  0.00000000000E+000 -1.50572936875E+003  1.39331456651E+003  1.30527126849E-006  7.54616172048E-008
491 50 3 1035   4.94400000000E+003  1.39935836143E+003  0.00000000000E+000 -1.69724763198E+003  1.38935836143E+003 -1.07510176687E-005 -7.38997154677E-007
491 50 3 1034   4.73800000000E+003  1.39304241220E+003  0.00000000000E+000 -1.83679327122E+003  1.38304241220E+003 -1.12343063090E-005  2.59398238336E-008
491 50 3 1033   4.53200000000E+003  1.38812960905E+003  0.00000000000E+000 -1.88851381203E+003  1.37812960905E+003 -1.29024751720E-005 -1.43642755240E-006
491 50 3 1032   4.32600000000E+003  1.38025148588E+003  0.00000000000E+000 -2.24772581226E+003  1.37025148588E+003 -5.22331161074E-005 -2.92188589582E-006
491 50 3 1031   4.12000000000E+003  1.37049316027E+003  0.00000000000E+000 -2.09843440483E+003  1.36049316027E+003 -2.95394509004E-005  3.53804394775E-007
491 50 3 1030   3.91400000000E+003  1.36516929848E+003  0.00000000000E+000 -2.24035087982E+003  1.35516929848E+003 -9.84964501086E-007  6.72460283844E-007
491 50 3 1029   3.70800000000E+003  1.36678905029E+003  0.00000000000E+000 -2.41617137225E+003  1.35678905029E+003  4.49275955996E-006  1.61731848033E-008
491 50 3 1028   3.50200000000E+003  1.37294963304E+003  0.00000000000E+000 -2.48692759311E+003  1.36294963304E+003  8.23753973159E-006 -2.55444857473E-007
491 50 3 1027   3.29600000000E+003  1.37597063378E+003  0.00000000000E+000 -2.64232202529E+003  1.36597063378E+003 -6.31781234614E-007 -4.37666705838E-007
491 50 3 1026   3.09000000000E+003  1.37174864902E+003  0.00000000000E+000 -2.89458423493E+003  1.36174864902E+003 -1.06592530953E-005 -5.24946496265E-007
491 50 3 1025   2.88400000000E+003  1.36549122854E+003  0.00000000000E+000 -3.12040931484E+003  1.35549122854E+003 -1.22808943511E-005 -2.97491771264E-007
491 50 3 1024   2.67800000000E+003  1.36041038375E+003  0.00000000000E+000 -3.22125420969E+003  1.35041038375E+003 -7.83008720445E-006  1.75133720343E-007
491 50 3 1023   2.47200000000E+003  1.35579189133E+003  0.00000000000E+000 -2.68315244911E+003  1.34579189133E+003 -1.97153977830E-006 -2.67906442425E-007
491 50 3 1022   2.26600000000E+003  1.35911078185E+003  0.00000000000E+000 -2.70322174347E+003  1.34911078185E+003  2.00166860718E-005  3.44483959599E-006
491 50 3 1021   2.06000000000E+003  1.37043703354E+003  0.00000000000E+000 -3.37117821908E+003  1.36043703354E+003  1.36157727925E-004 -7.76707654864E-006
491 50 3 1020   1.85400000000E+003  1.38268372974E+003  0.00000000000E+000 -3.82994959636E+003  1.37268372974E+003  2.76181773534E-005 -5.33941616814E-006
491 50 3 1019   1.64800000000E+003  1.38641951997E+003  0.00000000000E+000 -4.00826056405E+003  1.37641951997E+003  7.51570116593E-007  9.56318191928E-007
491 50 3 1018   1.44200000000E+003  1.38784577601E+003  0.00000000000E+000 -3.71409809442E+003  1.37784577601E+003 -1.45662794279E-006 -2.22375474946E-006
491 50 3 1017   1.23600000000E+003  1.37756325505E+003  0.00000000000E+000 -4.00193385460E+003  1.36756325505E+003 -1.39932596485E-004 -1.53246597388E-005
491 50 3 1016   1.03000000000E+003  1.36246425691E+003  0.00000000000E+000 -4.51857532863E+003  1.35246425691E+003 -2.64522795733E-004 -2.11894647281E-005
491 50 3 1015   8.24000000000E+002  1.34647892576E+003  0.00000000000E+000 -5.08252178479E+003  1.33647892576E+003 -1.55881207654E-004 -3.94275046636E-006
491 50 3 1014   6.18000000000E+002  1.33575492257E+003  0.00000000000E+000 -5.43737782873E+003  1.32575492257E+003 -4.01423680035E-005  2.33495436006E-007
491 50 3 1013   4.12000000000E+002  1.32768551137E+003  0.00000000000E+000 -5.05214208533E+003  1.31768551137E+003 -3.98072422507E-005 -7.21296842847E-007
491 50 3 1012   2.06000000000E+002  1.32008372858E+003  0.00000000000E+000 -5.08193339298E+003  1.31008372858E+003  3.32722671647E-006  2.13896080335E-007
491 50 3 1011   0.00000000000E+000  1.32000000000E+003  0.00000000000E+000 -5.02228867324E+003  1.31000000000E+003 -5.79180254821E-005 -4.02212342737E-006
481 49 3 1111   2.06000000000E+004  2.94559143180E+003  0.00000000000E+000  2.94559143180E+003  2.90100000000E+003 -5.03227792893E+000 -4.01382677384E+000
481 49 3 1110   2.03940000000E+004  2.87906069438E+003  0.00000000000E+000  2.87906069438E+003  2.81354316460E+003 -1.25114237185E+001 -6.18016500451E+000
481 49 3 1109   2.01880000000E+004  2.83224979531E+003  0.00000000000E+000  2.83224979531E+003  2.74039356591E+003 -1.54580428293E+001 -4.89508349989E+000
481 49 3 1108   1.99820000000E+004  2.80329866647E+003  0.00000000000E+000  2.80329866647E+003  2.68940216730E+003 -1.76808090609E+001 -4.27845857993E+000
481 49 3 1107   1.97760000000E+004  2.77967213347E+003  0.00000000000E+000  2.77967213347E+003  2.65794106129E+003 -2.11545016435E+001 -4.50890788843E+000
481 49 3 1106   1.95700000000E+004  2.75445375895E+003  0.00000000000E+000  2.75445375895E+003  2.63588479810E+003 -2.61161593094E+001 -5.45431019887E+000
481 49 3 1105   1.93640000000E+004  2.72496808135E+003  0.00000000000E+000  2.72496808135E+003  2.61191374976E+003 -3.18283170744E+001 -6.80310745462E+000
481 49 3 1104   1.91580000000E+004  2.69068650760E+003  0.00000000000E+000  2.69068650760E+003  2.58115830190E+003 -3.67305061425E+001 -8.32483500268E+000
481 49 3 1103   1.89520000000E+004  2.65227519046E+003  0.00000000000E+000  2.65227519046E+003  2.53741751171E+003 -3.82594126259E+001 -8.97341938721E+000
481 49 3 1102   1.87460000000E+004  2.61464323419E+003  0.00000000000E+000  2.61464323419E+003  2.48887979626E+003 -3.83237117380E+001 -7.97409482914E+000
481 49 3 1101   1.85400000000E+004  2.58431560938E+003  0.00000000000E+000  2.58431560938E+003  2.44429072288E+003 -3.77092992344E+001 -6.15747434463E+000
481 49 3 1100   1.83340000000E+004  2.56035165051E+003  0.00000000000E+000  2.56035165051E+003  2.40820662944E+003 -3.68366765144E+001 -5.19111974956E+000
481 49 3 1099   1.81280000000E+004  2.53870838252E+003  0.00000000000E+000  2.53870838252E+003  2.37566406926E+003 -3.61441146588E+001 -4.82594564193E+000
481 49 3 1098   1.79220000000E+004  2.51810726479E+003  0.00000000000E+000  2.51810726479E+003  2.34417024608E+003 -3.52789764357E+001 -4.40865919243E+000
481 49 3 1097   1.77160000000E+004  2.49982429368E+003  0.00000000000E+000  2.49982429368E+003  2.31009305800E+003 -3.41107573799E+001 -3.48606901801E+000
481 49 3 1096   1.75100000000E+004  2.48560124032E+003  0.00000000000E+000  2.48560124032E+003  2.28338769034E+003 -3.34990456616E+001 -2.66340851410E+000
481 49 3 1095   1.73040000000E+004  2.47439651720E+003  0.00000000000E+000  2.47439651720E+003  2.26414370091E+003 -3.36501930911E+001 -2.32536247181E+000
481 49 3 1094   1.70980000000E+004  2.46315371604E+003  0.00000000000E+000  2.46315371604E+003  2.26410138132E+003 -3.57493629515E+001 -2.61040306882E+000
481 49 3 1093   1.68920000000E+004  2.44821786691E+003  0.00000000000E+000  2.44821786691E+003  2.27344982362E+003 -4.11925521988E+001 -3.93293020096E+000
481 49 3 1092   1.66860000000E+004  2.42687180996E+003  0.00000000000E+000  2.42687180996E+003  2.28124362777E+003 -4.94261046028E+001 -6.23481653204E+000
481 49 3 1091   1.64800000000E+004  2.39690245796E+003  0.00000000000E+000  2.39690245796E+003  2.27549700584E+003 -5.90379094254E+001 -1.00610067991E+001
481 49 3 1090   1.62740000000E+004  2.35569672676E+003  0.00000000000E+000  2.35569672676E+003  2.24766023696E+003 -6.47381180355E+001 -1.47224113102E+001
481 49 3 1089   1.60680000000E+004  2.30223269565E+003  0.00000000000E+000  2.30223269565E+003  2.19553145884E+003 -6.43506920857E+001 -1.75278722204E+001
481 49 3 1088   1.58620000000E+004  2.25058104412E+003  0.00000000000E+000  2.25058104412E+003  2.12952328328E+003 -5.98433914824E+001 -1.28385607752E+001
481 49 3 1087   1.56560000000E+004  2.21520441507E+003  0.00000000000E+000  2.21520441507E+003  2.07391872494E+003 -5.08406631456E+001 -6.01412260927E+000
481 49 3 1086   1.54500000000E+004  2.19125616922E+003  0.00000000000E+000  2.19125616922E+003  2.03420042189E+003 -4.45722964811E+001 -4.12191581938E+000
481 49 3 1085   1.52440000000E+004  2.17127316980E+003  0.00000000000E+000  2.17127316980E+003  2.00870098689E+003 -4.19223040672E+001 -3.23297699190E+000
481 49 3 1084   1.50380000000E+004  2.15229011449E+003  0.00000000000E+000  2.15229011449E+003  1.99429271113E+003 -4.14362930875E+001 -3.31029761728E+000
481 49 3 1083   1.48320000000E+004  2.13021690904E+003  0.00000000000E+000  2.13021690904E+003  1.97911696881E+003 -4.13037782066E+001 -4.13637652395E+000
481 49 3 1082   1.46260000000E+004  2.10499758995E+003  0.00000000000E+000  2.10499758995E+003  1.95614978076E+003 -4.09508819519E+001 -4.44541445457E+000
481 49 3 1081   1.44200000000E+004  2.07943040113E+003  0.00000000000E+000  2.07943040113E+003  1.93144986535E+003 -4.00259550402E+001 -4.09834803097E+000
481 49 3 1080   1.42140000000E+004  2.05500672846E+003  0.00000000000E+000  2.05500672846E+003  1.90395966636E+003 -3.82105536799E+001 -3.45831961658E+000
481 49 3 1079   1.40080000000E+004  2.03328601852E+003  0.00000000000E+000  2.03328601852E+003  1.87971308060E+003 -3.64252488814E+001 -2.56286491338E+000
481 49 3 1078   1.38020000000E+004  2.01428637217E+003  0.00000000000E+000  2.01428637217E+003  1.86509987417E+003 -3.60538639856E+001 -2.24151908837E+000
481 49 3 1077   1.35960000000E+004  1.99377836564E+003  0.00000000000E+000  1.99377836564E+003  1.85784631518E+003 -3.67282777348E+001 -3.02262815568E+000
481 49 3 1076   1.33900000000E+004  1.96659625741E+003  0.00000000000E+000  1.96659625741E+003  1.84508206054E+003 -3.79634158151E+001 -4.65531540765E+000
481 49 3 1075   1.31840000000E+004  1.93047639090E+003  0.00000000000E+000  1.93047639090E+003  1.81836094557E+003 -3.79162052025E+001 -6.13044727983E+000
481 49 3 1074   1.29780000000E+004  1.89049373803E+003  0.00000000000E+000  1.89049373803E+003  1.77824400251E+003 -3.65299184539E+001 -5.74565460023E+000
481 49 3 1073   1.27720000000E+004  1.85563311317E+003  0.00000000000E+000  1.85563311317E+003  1.73410733505E+003 -3.18038746728E+001 -3.42817480445E+000
481 49 3 1072   1.25660000000E+004  1.82916171184E+003  0.00000000000E+000  1.82916171184E+003  1.69465411467E+003 -2.64806132340E+001 -1.61625330697E+000
481 49 3 1071   1.23600000000E+004  1.80793252762E+003  0.00000000000E+000  1.80793252762E+003  1.67251382981E+003 -2.33102892517E+001 -9.40388139783E-001
481 49 3 1070   1.21540000000E+004  1.78594432147E+003  0.00000000000E+000  1.78594432147E+003  1.65827298376E+003 -2.14771006502E+001 -1.02361011860E+000
481 49 3 1069   1.19480000000E+004  1.76115386871E+003  0.00000000000E+000  1.76115386871E+003  1.63579999162E+003 -1.91003229763E+001 -8.44186299686E-001
481 49 3 1068   1.17420000000E+004  1.73851450573E+003  0.00000000000E+000  1.73851450573E+003  1.61082579311E+003 -1.59555554768E+001 -4.97843881648E-002
481 49 3 1067   1.15360000000E+004  1.71809570555E+003  0.00000000000E+000  1.71809570555E+003  1.59230777552E+003 -1.27673483558E+001  3.17588614153E-001
481 49 3 1066   1.13300000000E+004  1.69956097343E+003  0.00000000000E+000  1.69956097343E+003  1.58261892404E+003 -1.04214601063E+001  6.97820483035E-001
481 49 3 1065   1.11240000000E+004  1.67684734857E+003  0.00000000000E+000  1.67684734857E+003  1.58346927666E+003 -7.76188287209E+000  6.32723883630E-001
481 49 3 1064   1.09180000000E+004  1.65491071752E+003  0.00000000000E+000  1.65491071752E+003  1.58766304985E+003 -6.27656557610E+000  6.46616281054E-001
481 49 3 1063   1.07120000000E+004  1.59742991559E+003  0.00000000000E+000  1.54831529775E+003  1.58742991559E+003 -1.48085203735E-001  1.96422762664E-001
481 49 3 1062   1.05060000000E+004  1.58641909908E+003  0.00000000000E+000  2.52894274060E+002  1.57641909908E+003  2.51463420405E-002 -8.21955240624E-002
481 49 3 1061   1.03000000000E+004  1.57100000000E+003  0.00000000000E+000  5.14275281266E+002  1.56100000000E+003  7.24019388273E-003  1.40516338086E-001
481 49 3 1060   1.00940000000E+004  1.56387113566E+003  0.00000000000E+000  3.43946630342E+002  1.55387113566E+003 -7.12371087786E-002 -4.83708910565E-001
481 49 3 1059   9.88800000000E+003  1.56415253100E+003  0.00000000000E+000  3.97065784375E+002  1.55415253100E+003  3.38939698935E-001  1.80254820108E+000
481 49 3 1058   9.68200000000E+003  1.56649141407E+003  0.00000000000E+000 -4.52589669724E+002  1.55649141407E+003 -2.22955533773E+000 -6.78886703680E+000
481 49 3 1057   9.47600000000E+003  1.57602423235E+003  0.00000000000E+000 -4.47414246610E+002  1.56602423235E+003 -2.90960385942E+002  1.31470539316E+001
481 49 3 1056   9.27000000000E+003  1.58388697171E+003  0.00000000000E+000 -4.39351254060E+002  1.57388697171E+003 -2.21744117641E+001  2.57895451003E+000
481 49 3 1055   9.06400000000E+003  1.58283319639E+003  0.00000000000E+000 -5.90091180694E+002  1.57283319639E+003  4.75222321081E+001  1.88237734286E+001
481 49 3 1054   8.85800000000E+003  1.57045788372E+003  0.00000000000E+000 -6.15269547713E+002  1.56045788372E+003  2.38511460087E+003  2.64189667352E+002
481 49 3 1053   8.65200000000E+003  1.54902845770E+003  0.00000000000E+000 -6.44205659987E+002  1.53902845770E+003  8.99654307766E+003  1.36887317783E+003
481 49 3 1052   8.44600000000E+003  1.51944845544E+003  0.00000000000E+000 -6.75698783014E+002  1.50944845544E+003  1.67175930654E+004  2.52772856021E+003
481 49 3 1051   8.24000000000E+003  1.48881811162E+003  0.00000000000E+000 -7.03212643203E+002  1.47881811162E+003  7.69603417634E+003  6.17492548710E+002
481 49 3 1050   8.03400000000E+003  1.47087334073E+003  0.00000000000E+000 -7.14541152999E+002  1.46087334073E+003  9.43074288781E+002 -8.06667728480E+001
481 49 3 1049   7.82800000000E+003  1.46162991494E+003  0.00000000000E+000 -6.89876083430E+002  1.45162991494E+003  3.81349448825E+001  1.41992786841E+001
481 49 3 1048   7.62200000000E+003  1.46068117127E+003  0.00000000000E+000 -7.57111152496E+002  1.45068117127E+003 -1.96339408973E+001 -5.57659774407E+000
481 49 3 1047   7.41600000000E+003  1.46564412741E+003  0.00000000000E+000 -7.59020145590E+002  1.45564412741E+003 -5.51499219060E+001  2.88659178886E+000
481 49 3 1046   7.21000000000E+003  1.46888795069E+003  0.00000000000E+000 -7.43395901994E+002  1.45888795069E+003  3.92858447189E+000  6.94845949232E-001
481 49 3 1045   7.00400000000E+003  1.46607125842E+003  0.00000000000E+000 -8.09410605967E+002  1.45607125842E+003  1.04771183128E+000 -2.46188150506E-001
481 49 3 1044   6.79800000000E+003  1.46602876818E+003  0.00000000000E+000 -7.50210490176E+002  1.45602876818E+003 -1.22341237372E-001  3.92666374585E-002
481 49 3 1043   6.59200000000E+003  1.46582629221E+003  0.00000000000E+000 -8.87095104967E+002  1.45582629221E+003 -1.19329553314E-004 -7.40126977633E-003
481 49 3 1042   6.38600000000E+003  1.45166666898E+003  0.00000000000E+000 -1.09587753289E+003  1.44166666898E+003 -7.94805776648E-004  1.88879259369E-003
481 49 3 1041   6.18000000000E+003  1.42753500360E+003  0.00000000000E+000 -1.13628450176E+003  1.41753500360E+003 -7.37214548161E-004 -6.07234085960E-004
481 49 3 1040   5.97400000000E+003  1.40756660194E+003  0.00000000000E+000 -1.17876266886E+003  1.39756660194E+003 -2.50155936508E-004  1.42518844738E-004
481 49 3 1039   5.76800000000E+003  1.39343658842E+003  0.00000000000E+000 -1.09926713994E+003  1.38343658842E+003 -2.91190741898E-005 -3.58032157112E-005
481 49 3 1038   5.56200000000E+003  1.39173173037E+003  0.00000000000E+000 -1.33752576931E+003  1.38173173037E+003  6.74030044246E-006  1.05205122760E-005
481 49 3 1037   5.35600000000E+003  1.39703934034E+003  0.00000000000E+000 -1.44341530226E+003  1.38703934034E+003  1.43884724719E-005 -3.22151828993E-006
481 49 3 1036   5.15000000000E+003  1.40331456651E+003  0.00000000000E+000 -1.43758786059E+003  1.39331456651E+003  1.30527127579E-006  7.54631350210E-008
481 49 3 1035   4.94400000000E+003  1.39935836143E+003  0.00000000000E+000 -1.62511965226E+003  1.38935836143E+003 -1.07510175317E-005 -7.38997559869E-007
481 49 3 1034   4.73800000000E+003  1.39304241220E+003  0.00000000000E+000 -1.76188645517E+003  1.38304241220E+003 -1.12343063783E-005  2.59399274755E-008
481 49 3 1033   4.53200000000E+003  1.38812960905E+003  0.00000000000E+000 -1.81276908510E+003  1.37812960905E+003 -1.29024752203E-005 -1.43642757978E-006
481 49 3 1032   4.32600000000E+003  1.38025148588E+003  0.00000000000E+000 -2.16428917430E+003  1.37025148588E+003 -5.22331160772E-005 -2.92188588617E-006
481 49 3 1031   4.12000000000E+003  1.37049316027E+003  0.00000000000E+000 -2.01867960138E+003  1.36049316027E+003 -2.95394509077E-005  3.53804391344E-007
481 49 3 1030   3.91400000000E+003  1.36516929848E+003  0.00000000000E+000 -2.15769182731E+003  1.35516929848E+003 -9.84964500738E-007  6.72460284943E-007
481 49 3 1029   3.70800000000E+003  1.36678905029E+003  0.00000000000E+000 -2.32990955391E+003  1.35678905029E+003  4.49275955970E-006  1.61731845020E-008
481 49 3 1028   3.50200000000E+003  1.37294963304E+003  0.00000000000E+000 -2.39941604586E+003  1.36294963304E+003  8.23753973172E-006 -2.55444857385E-007
481 49 3 1027   3.29600000000E+003  1.37597063378E+003  0.00000000000E+000 -2.55175424453E+003  1.36597063378E+003 -6.31781234636E-007 -4.37666705866E-007
481 49 3 1026   3.09000000000E+003  1.37174864902E+003  0.00000000000E+000 -2.79887946604E+003  1.36174864902E+003 -1.06592530953E-005 -5.24946496257E-007
481 49 3 1025   2.88400000000E+003  1.36549122854E+003  0.00000000000E+000 -3.02013994681E+003  1.35549122854E+003 -1.22808943512E-005 -2.97491771266E-007
481 49 3 1024   2.67800000000E+003  1.36041038375E+003  0.00000000000E+000 -3.11917244751E+003  1.35041038375E+003 -7.83008720444E-006  1.75133720344E-007
481 49 3 1023   2.47200000000E+003  1.35579189133E+003  0.00000000000E+000 -2.59312173117E+003  1.34579189133E+003 -1.97153977830E-006 -2.67906442425E-007
481 49 3 1022   2.26600000000E+003  1.35911078185E+003  0.00000000000E+000 -2.61299122829E+003  1.34911078185E+003  2.00166860718E-005  3.44483959599E-006
481 49 3 1021   2.06000000000E+003  1.37043703354E+003  0.00000000000E+000 -3.26684381865E+003  1.36043703354E+003  1.36157727925E-004 -7.76707654864E-006
481 49 3 1020   1.85400000000E+003  1.38268372974E+003  0.00000000000E+000 -3.71626889871E+003  1.37268372974E+003  2.76181773533E-005 -5.33941616814E-006
481 49 3 1019   1.64800000000E+003  1.38641951997E+003  0.00000000000E+000 -3.89144359133E+003  1.37641951997E+003  7.51570116593E-007  9.56318191929E-007
481 49 3 1018   1.44200000000E+003  1.38784577601E+003  0.00000000000E+000 -3.60425124475E+003  1.37784577601E+003 -1.45662794279E-006 -2.22375474946E-006
481 49 3 1017   1.23600000000E+003  1.37756325505E+003  0.00000000000E+000 -3.88681558490E+003  1.36756325505E+003 -1.39932596485E-004 -1.53246597388E-005
481 49 3 1016   1.03000000000E+003  1.36246425691E+003  0.00000000000E+000 -4.39332989562E+003  1.35246425691E+003 -2.64522795733E-004 -2.11894647281E-005
481 49 3 1015   8.24000000000E+002  1.34647892576E+003  0.00000000000E+000 -4.94820895677E+003  1.33647892576E+003 -1.55881207654E-004 -3.94275046636E-006
481 49 3 1014   6.18000000000E+002  1.33575492257E+003  0.00000000000E+000 -5.30087503004E+003  1.32575492257E+003 -4.01423680035E-005  2.33495436006E-007
481 49 3 1013   4.12000000000E+002  1.32768551137E+003  0.00000000000E+000 -4.92269725316E+003  1.31768551137E+003 -3.98072422507E-005 -7.21296842847E-007
481 49 3 1012   2.06000000000E+002  1.32008372858E+003  0.00000000000E+000 -4.95159078417E+003  1.31008372858E+003  3.32722671647E-006  2.13896080335E-007
481 49 3 1011   0.00000000000E+000  1.32000000000E+003  0.00000000000E+000 -4.89330749393E+003  1.31000000000E+003 -5.79180254821E-005 -4.02212342737E-006
491 50 3 1111   2.06000000000E+004  2.94559143180E+003  0.00000000000E+000  2.94559143180E+003  2.90100000000E+003 -5.03227792915E+000 -4.01382677401E+000
491 50 3 1110   2.03940000000E+004  2.87906069437E+003  0.00000000000E+000  2.87906069437E+003  2.81354316460E+003 -1.25114237192E+001 -6.18016500497E+000
491 50 3 1109   2.01880000000E+004  2.83224979531E+003  0.00000000000E+000  2.83224979531E+003  2.74039356591E+003 -1.54580428309E+001 -4.89508350069E+000
491 50 3 1108   1.99820000000E+004  2.80329866645E+003  0.00000000000E+000  2.80329866645E+003  2.68940216730E+003 -1.76808090633E+001 -4.27845858073E+000
491 50 3 1107   1.97760000000E+004  2.77967213344E+003  0.00000000000E+000  2.77967213344E+003  2.65794106129E+003 -2.11545016472E+001 -4.50890788953E+000
491 50 3 1106   1.95700000000E+004  2.75445375892E+003  0.00000000000E+000  2.75445375892E+003  2.63588479810E+003 -2.61161593162E+001 -5.45431020112E+000
491 50 3 1105   1.93640000000E+004  2.72496808131E+003  0.00000000000E+000  2.72496808131E+003  2.61191374976E+003 -3.18283170868E+001 -6.80310745931E+000
491 50 3 1104   1.91580000000E+004  2.69068650753E+003  0.00000000000E+000  2.69068650753E+003  2.58115830190E+003 -3.67305061676E+001 -8.32483501262E+000
491 50 3 1103   1.89520000000E+004  2.65227519035E+003  0.00000000000E+000  2.65227519035E+003  2.53741751171E+003 -3.82594126654E+001 -8.97341940205E+000
491 50 3 1102   1.87460000000E+004  2.61464323403E+003  0.00000000000E+000  2.61464323403E+003  2.48887979626E+003 -3.83237117818E+001 -7.97409484730E+000
491 50 3 1101   1.85400000000E+004  2.58431560914E+003  0.00000000000E+000  2.58431560914E+003  2.44429072288E+003 -3.77092992905E+001 -6.15747436629E+000
491 50 3 1100   1.83340000000E+004  2.56035165020E+003  0.00000000000E+000  2.56035165020E+003  2.40820662944E+003 -3.68366765827E+001 -5.19111976902E+000
491 50 3 1099   1.81280000000E+004  2.53870838213E+003  0.00000000000E+000  2.53870838213E+003  2.37566406926E+003 -3.61441147359E+001 -4.82594566298E+000
491 50 3 1098   1.79220000000E+004  2.51810726432E+003  0.00000000000E+000  2.51810726432E+003  2.34417024608E+003 -3.52789765209E+001 -4.40865921409E+000
491 50 3 1097   1.77160000000E+004  2.49982429312E+003  0.00000000000E+000  2.49982429312E+003  2.31009305800E+003 -3.41107574689E+001 -3.48606903875E+000
491 50 3 1096   1.75100000000E+004  2.48560123969E+003  0.00000000000E+000  2.48560123969E+003  2.28338769034E+003 -3.34990457543E+001 -2.66340852797E+000
491 50 3 1095   1.73040000000E+004  2.47439651649E+003  0.00000000000E+000  2.47439651649E+003  2.26414370091E+003 -3.36501931866E+001 -2.32536248855E+000
491 50 3 1094   1.70980000000E+004  2.46315371528E+003  0.00000000000E+000  2.46315371528E+003  2.26410138132E+003 -3.57493630774E+001 -2.61040308474E+000
491 50 3 1093   1.68920000000E+004  2.44821786600E+003  0.00000000000E+000  2.44821786600E+003  2.27344982362E+003 -4.11925523916E+001 -3.93293025602E+000
491 50 3 1092   1.66860000000E+004  2.42687180890E+003  0.00000000000E+000  2.42687180890E+003  2.28124362777E+003 -4.94261049634E+001 -6.23481661898E+000
491 50 3 1091   1.64800000000E+004  2.39690245643E+003  0.00000000000E+000  2.39690245643E+003  2.27549700584E+003 -5.90379101140E+001 -1.00610071036E+001
491 50 3 1090   1.62740000000E+004  2.35569672456E+003  0.00000000000E+000  2.35569672456E+003  2.24766023696E+003 -6.47381196852E+001 -1.47224119287E+001
491 50 3 1089   1.60680000000E+004  2.30223269212E+003  0.00000000000E+000  2.30223269212E+003  2.19553145884E+003 -6.43506939285E+001 -1.75278733611E+001
491 50 3 1088   1.58620000000E+004  2.25058103711E+003  0.00000000000E+000  2.25058103711E+003  2.12952328328E+003 -5.98433943565E+001 -1.28385627346E+001
491 50 3 1087   1.56560000000E+004  2.21520440353E+003  0.00000000000E+000  2.21520440353E+003  2.07391872494E+003 -5.08406669317E+001 -6.01412418673E+000
491 50 3 1086   1.54500000000E+004  2.19125615403E+003  0.00000000000E+000  2.19125615403E+003  2.03420042189E+003 -4.45723004245E+001 -4.12191685054E+000
491 50 3 1085   1.52440000000E+004  2.17127315185E+003  0.00000000000E+000  2.17127315185E+003  2.00870098689E+003 -4.19223088121E+001 -3.23297795358E+000
491 50 3 1084   1.50380000000E+004  2.15229009383E+003  0.00000000000E+000  2.15229009383E+003  1.99429271113E+003 -4.14362988279E+001 -3.31029873102E+000
491 50 3 1083   1.48320000000E+004  2.13021688457E+003  0.00000000000E+000  2.13021688457E+003  1.97911696881E+003 -4.13037845192E+001 -4.13637820981E+000
491 50 3 1082   1.46260000000E+004  2.10499755851E+003  0.00000000000E+000  2.10499755851E+003  1.95614978076E+003 -4.09508896121E+001 -4.44541712399E+000
491 50 3 1081   1.44200000000E+004  2.07943035913E+003  0.00000000000E+000  2.07943035913E+003  1.93144986535E+003 -4.00259650245E+001 -4.09835153026E+000
491 50 3 1080   1.42140000000E+004  2.05500667366E+003  0.00000000000E+000  2.05500667366E+003  1.90395966636E+003 -3.82105661726E+001 -3.45832345615E+000
491 50 3 1079   1.40080000000E+004  2.03328595098E+003  0.00000000000E+000  2.03328595098E+003  1.87971308060E+003 -3.64252646260E+001 -2.56286864922E+000
491 50 3 1078   1.38020000000E+004  2.01428629121E+003  0.00000000000E+000  2.01428629121E+003  1.86509987417E+003 -3.60538829969E+001 -2.24152338127E+000
491 50 3 1077   1.35960000000E+004  1.99377826645E+003  0.00000000000E+000  1.99377826645E+003  1.85784631518E+003 -3.67283048767E+001 -3.02263523694E+000
491 50 3 1076   1.33900000000E+004  1.96659612411E+003  0.00000000000E+000  1.96659612411E+003  1.84508206054E+003 -3.79634630969E+001 -4.65533034043E+000
491 50 3 1075   1.31840000000E+004  1.93047621575E+003  0.00000000000E+000  1.93047621575E+003  1.81836094557E+003 -3.79162637894E+001 -6.13046935656E+000
491 50 3 1074   1.29780000000E+004  1.89049342233E+003  0.00000000000E+000  1.89049342233E+003  1.77824400251E+003 -3.65299979972E+001 -5.74570459205E+000
491 50 3 1073   1.27720000000E+004  1.85563261751E+003  0.00000000000E+000  1.85563261751E+003  1.73410733505E+003 -3.18040027986E+001 -3.42822230380E+000
491 50 3 1072   1.25660000000E+004  1.82916096552E+003  0.00000000000E+000  1.82916096552E+003  1.69465411467E+003 -2.64807335357E+001 -1.61630297990E+000
491 50 3 1071   1.23600000000E+004  1.80793164769E+003  0.00000000000E+000  1.80793164769E+003  1.67251382981E+003 -2.33104580305E+001 -9.40414764000E-001
491 50 3 1070   1.21540000000E+004  1.78594304864E+003  0.00000000000E+000  1.78594304864E+003  1.65827298376E+003 -2.14772581329E+001 -1.02368707376E+000
491 50 3 1069   1.19480000000E+004  1.76115243981E+003  0.00000000000E+000  1.76115243981E+003  1.63579999162E+003 -1.91005986733E+001 -8.44223140044E-001
491 50 3 1068   1.17420000000E+004  1.73851207692E+003  0.00000000000E+000  1.73851207692E+003  1.61082579311E+003 -1.59557214819E+001 -4.99219762037E-002
491 50 3 1067   1.15360000000E+004  1.71809344527E+003  0.00000000000E+000  1.71809344527E+003  1.59230777552E+003 -1.27677738344E+001  3.17610117979E-001
491 50 3 1066   1.13300000000E+004  1.69955629007E+003  0.00000000000E+000  1.69955629007E+003  1.58261892404E+003 -1.04215051200E+001  6.97586349589E-001
491 50 3 1065   1.11240000000E+004  1.67684489136E+003  0.00000000000E+000  1.67684489136E+003  1.58346927666E+003 -7.76274101095E+000  6.32917558888E-001
491 50 3 1064   1.09180000000E+004  1.65489351480E+003  0.00000000000E+000  1.65489351480E+003  1.58766304985E+003 -6.27517109042E+000  6.46717078267E-001
491 50 3 1063   1.07120000000E+004  1.59742991559E+003  0.00000000000E+000  1.54855143254E+003  1.58742991559E+003 -1.47932071786E-001  1.96259200043E-001
491 50 3 1062   1.05060000000E+004  1.58641909908E+003  0.00000000000E+000  2.10434179762E+002  1.57641909908E+003  2.54681782997E-002 -8.21243658012E-002
491 50 3 1061   1.03000000000E+004  1.57100000000E+003  0.00000000000E+000  4.82845787324E+002  1.56100000000E+003  6.48299882040E-003  1.40373838802E-001
491 50 3 1060   1.00940000000E+004  1.56387113566E+003  0.00000000000E+000  3.08106865947E+002  1.55387113566E+003 -7.72470358897E-002 -4.84100696198E-001
491 50 3 1059   9.88800000000E+003  1.56415253100E+003  0.00000000000E+000  3.69764469886E+002  1.55415253100E+003  3.43328693166E-001  1.80416760757E+000
491 50 3 1058   9.68200000000E+003  1.56649141407E+003  0.00000000000E+000 -4.80126999059E+002  1.55649141407E+003 -2.22431189230E+000 -6.79443172911E+000
491 50 3 1057   9.47600000000E+003  1.57602423235E+003  0.00000000000E+000 -4.74662346576E+002  1.56602423235E+003 -2.91224357666E+002  1.31583584840E+001
491 50 3 1056   9.27000000000E+003  1.58388697171E+003  0.00000000000E+000 -4.68865397615E+002  1.57388697171E+003 -2.21659848617E+001  2.58397241844E+000
491 50 3 1055   9.06400000000E+003  1.58283319639E+003  0.00000000000E+000 -6.48215033666E+002  1.57283319639E+003  4.75166630606E+001  1.88218509492E+001
491 50 3 1054   8.85800000000E+003  1.57045788372E+003  0.00000000000E+000 -6.73334435361E+002  1.56045788372E+003  2.38510395573E+003  2.64189531592E+002
491 50 3 1053   8.65200000000E+003  1.54902845770E+003  0.00000000000E+000 -7.02272840218E+002  1.53902845770E+003  8.99655472558E+003  1.36887446285E+003
491 50 3 1052   8.44600000000E+003  1.51944845544E+003  0.00000000000E+000 -7.33765862046E+002  1.50944845544E+003  1.67175868051E+004  2.52772754563E+003
491 50 3 1051   8.24000000000E+003  1.48881811162E+003  0.00000000000E+000 -7.61279736345E+002  1.47881811162E+003  7.69603570672E+003  6.17492877950E+002
491 50 3 1050   8.03400000000E+003  1.47087334073E+003  0.00000000000E+000 -7.72608278694E+002  1.46087334073E+003  9.43074179821E+002 -8.06668640447E+001
491 50 3 1049   7.82800000000E+003  1.46162991494E+003  0.00000000000E+000 -7.47943427311E+002  1.45162991494E+003  3.81349720107E+001  1.41993050356E+001
491 50 3 1048   7.62200000000E+003  1.46068117127E+003  0.00000000000E+000 -8.15183036371E+002  1.45068117127E+003 -1.96339538639E+001 -5.57660519935E+000
491 50 3 1047   7.41600000000E+003  1.46564412741E+003  0.00000000000E+000 -8.17125468620E+002  1.45564412741E+003 -5.51499203906E+001  2.88659408179E+000
491 50 3 1046   7.21000000000E+003  1.46888795069E+003  0.00000000000E+000 -8.01201783655E+002  1.45888795069E+003  3.92858411529E+000  6.94845299074E-001
491 50 3 1045   7.00400000000E+003  1.46607125842E+003  0.00000000000E+000 -8.65007161932E+002  1.45607125842E+003  1.04771194561E+000 -2.46187971488E-001
491 50 3 1044   6.79800000000E+003  1.46602876818E+003  0.00000000000E+000 -8.04985208744E+002  1.45602876818E+003 -1.22341279836E-001  3.92665870558E-002
491 50 3 1043   6.59200000000E+003  1.46582629221E+003  0.00000000000E+000 -9.44024688769E+002  1.45582629221E+003 -1.19329576634E-004 -7.40125539439E-003
491 50 3 1042   6.38600000000E+003  1.45166666898E+003  0.00000000000E+000 -1.15812721046E+003  1.44166666898E+003 -7.94805265168E-004  1.88878880731E-003
491 50 3 1041   6.18000000000E+003  1.42753500360E+003  0.00000000000E+000 -1.19854197035E+003  1.41753500360E+003 -7.37214365925E-004 -6.07233044086E-004
491 50 3 1040   5.97400000000E+003  1.40756660194E+003  0.00000000000E+000 -1.24201906256E+003  1.39756660194E+003 -2.50156001850E-004  1.42518562054E-004
491 50 3 1039   5.76800000000E+003  1.39343658842E+003  0.00000000000E+000 -1.16023424889E+003  1.38343658842E+003 -2.91190469458E-005 -3.58031387291E-005
491 50 3 1038   5.56200000000E+003  1.39173173037E+003  0.00000000000E+000 -1.40394583386E+003  1.38173173037E+003  6.74029700165E-006  1.05204913219E-005
491 50 3 1037   5.35600000000E+003  1.39703934034E+003  0.00000000000E+000 -1.51200206888E+003  1.38703934034E+003  1.43884727989E-005 -3.22151262858E-006
491 50 3 1036   5.15000000000E+003  1.40331456651E+003  0.00000000000E+000 -1.50572936875E+003  1.39331456651E+003  1.30527126849E-006  7.54616172048E-008
491 50 3 1035   4.94400000000E+003  1.39935836143E+003  0.00000000000E+000 -1.69724763198E+003  1.38935836143E+003 -1.07510176687E-005 -7.38997154677E-007
491 50 3 1034   4.73800000000E+003  1.39304241220E+003  0.00000000000E+000 -1.83679327122E+003  1.38304241220E+003 -1.12343063090E-005  2.59398238336E-008
491 50 3 1033   4.53200000000E+003  1.38812960905E+003  0.00000000000E+000 -1.88851381203E+003  1.37812960905E+003 -1.29024751720E-005 -1.43642755240E-006
491 50 3 1032   4.32600000000E+003  1.38025148588E+003  0.00000000000E+000 -2.24772581226E+003  1.37025148588E+003 -5.22331161074E-005 -2.92188589582E-006
491 50 3 1031   4.12000000000E+003  1.37049316027E+003  0.00000000000E+000 -2.09843440483E+003  1.36049316027E+003 -2.95394509004E-005  3.53804394775E-007
491 50 3 1030   3.91400000000E+003  1.36516929848E+003  0.00000000000E+000 -2.24035087982E+003  1.35516929848E+003 -9.84964501086E-007  6.72460283844E-007
491 50 3 1029   3.70800000000E+003  1.36678905029E+003  0.00000000000E+000 -2.41617137225E+003  1.35678905029E+003  4.49275955996E-006  1.61731848033E-008
491 50 3 1028   3.50200000000E+003  1.37294963304E+003  0.00000000000E+000 -2.48692759311E+003  1.36294963304E+003  8.23753973159E-006 -2.55444857473E-007
491 50 3 1027   3.29600000000E+003  1.37597063378E+003  0.00000000000E+000 -2.64232202529E+003  1.36597063378E+003 -6.31781234614E-007 -4.37666705838E-007
491 50 3 1026   3.09000000000E+003  1.37174864902E+003  0.00000000000E+000 -2.89458423493E+003  1.36174864902E+003 -1.06592530953E-005 -5.24946496265E-007
491 50 3 1025   2.88400000000E+003  1.36549122854E+003  0.00000000000E+000 -3.12040931484E+003  1.35549122854E+003 -1.22808943511E-005 -2.97491771264E-007
491 50 3 1024   2.67800000000E+003  1.36041038375E+003  0.00000000000E+000 -3.22125420969E+003  1.35041038375E+003 -7.83008720445E-006  1.75133720343E-007
491 50 3 1023   2.47200000000E+003  1.35579189133E+003  0.00000000000E+000 -2.68315244911E+003  1.34579189133E+003 -1.97153977830E-006 -2.67906442425E-007
491 50 3 1022   2.26600000000E+003  1.35911078185E+003  0.00000000000E+000 -2.70322174347E+003  1.34911078185E+003  2.00166860718E-005  3.44483959599E-006
491 50 3 1021   2.06000000000E+003  1.37043703354E+003  0.00000000000E+000 -3.37117821908E+003  1.36043703354E+003  1.36157727925E-004 -7.76707654864E-006
491 50 3 1020   1.85400000000E+003  1.38268372974E+003  0.00000000000E+000 -3.82994959636E+003  1.37268372974E+003  2.76181773534E-005 -5.33941616814E-006
491 50 3 1019   1.64800000000E+003  1.38641951997E+003  0.00000000000E+000 -4.00826056405E+003  1.37641951997E+003  7.51570116593E-007  9.56318191928E-007
491 50 3 1018   1.44200000000E+003  1.38784577601E+003  0.00000000000E+000 -3.71409809442E+003  1.37784577601E+003 -1.45662794279E-006 -2.22375474946E-006
491 50 3 1017   1.23600000000E+003  1.37756325505E+003  0.00000000000E+000 -4.00193385460E+003  1.36756325505E+003 -1.39932596485E-004 -1.53246597388E-005
491 50 3 1016   1.03000000000E+003  1.36246425691E+003  0.00000000000E+000 -4.51857532863E+003  1.35246425691E+003 -2.64522795733E-004 -2.11894647281E-005
491 50 3 1015   8.24000000000E+002  1.34647892576E+003  0.00000000000E+000 -5.08252178479E+003  1.33647892576E+003 -1.55881207654E-004 -3.94275046636E-006
491 50 3 1014   6.18000000000E+002  1.33575492257E+003  0.00000000000E+000 -5.43737782873E+003  1.32575492257E+003 -4.01423680035E-005  2.33495436006E-007
491 50 3 1013   4.12000000000E+002  1.32768551137E+003  0.00000000000E+000 -5.05214208533E+003  1.31768551137E+003 -3.98072422507E-005 -7.21296842847E-007
491 50 3 1012   2.06000000000E+002  1.32008372858E+003  0.00000000000E+000 -5.08193339298E+003  1.31008372858E+003  3.32722671647E-006  2.13896080335E-007
491 50 3 1011   0.00000000000E+000  1.32000000000E+003  0.00000000000E+000 -5.02228867324E+003  1.31000000000E+003 -5.79180254821E-005 -4.02212342737E-006
